   6.9764143e+02   1.0236467e+02   1.7629698e+02   1.0000000e+00   1.8599306e+02   2.7400744e+02   1.0000000e+00
   6.9802478e+02   1.0230409e+02   1.7561851e+02   1.0000000e+00   1.8601547e+02   2.7401397e+02   1.0000000e+00
   6.9913766e+02   1.0151583e+02   1.7485576e+02   1.0000000e+00   1.8701192e+02   2.7501292e+02   1.0000000e+00
   6.9957997e+02   1.0103651e+02   1.7538507e+02   1.0000000e+00   1.8788114e+02   2.7586384e+02   1.0000000e+00
   6.9987723e+02   1.0188635e+02   1.7504633e+02   1.0000000e+00   1.8800110e+02   2.7449945e+02   1.0000000e+00
   7.0254797e+02   1.0023190e+02   1.7405470e+02   1.0000000e+00   1.9099944e+02   2.7648691e+02   1.0000000e+00
   7.0299160e+02   9.7302549e+01   1.7611092e+02   1.0000000e+00   1.9200055e+02   2.8049862e+02   1.0000000e+00
   7.0101546e+02   9.8983908e+01   1.7707211e+02   1.0000000e+00   1.8999944e+02   2.7852596e+02   1.0000000e+00
   7.0068374e+02   1.0126693e+02   1.7368705e+02   1.0000000e+00   1.8847926e+02   2.7499776e+02   1.0000000e+00
   7.0381353e+02   9.8959646e+01   1.7083167e+02   1.0000000e+00   1.9087375e+02   2.7787320e+02   1.0000000e+00
   7.0807664e+02   9.4186306e+01   1.6916654e+02   1.0000000e+00   1.9500190e+02   2.8371365e+02   1.0000000e+00
   7.1013723e+02   9.2779011e+01   1.6777433e+02   1.0000000e+00   1.9684912e+02   2.8510493e+02   1.0000000e+00
   7.1144937e+02   9.2519724e+01   1.6673937e+02   1.0000000e+00   1.9799889e+02   2.8549972e+02   1.0000000e+00
   7.1318948e+02   9.0104402e+01   1.6669325e+02   1.0000000e+00   1.9999887e+02   2.8847549e+02   1.0000000e+00
   7.1350971e+02   8.9221611e+01   1.6527799e+02   1.0000000e+00   1.9979267e+02   2.8920577e+02   1.0000000e+00
   7.1145294e+02   9.1059917e+01   1.6455150e+02   1.0000000e+00   1.9686863e+02   2.8687971e+02   1.0000000e+00
   7.1083523e+02   9.2312702e+01   1.6389595e+02   1.0000000e+00   1.9600000e+02   2.8546463e+02   1.0000000e+00
   7.1159475e+02   9.1999485e+01   1.6159724e+02   1.0000000e+00   1.9600000e+02   2.8551111e+02   1.0000000e+00
   7.1176470e+02   9.2575088e+01   1.6033224e+02   1.0000000e+00   1.9569388e+02   2.8482517e+02   1.0000000e+00
   7.1198789e+02   9.2125334e+01   1.6127645e+02   1.0000000e+00   1.9612111e+02   2.8512944e+02   1.0000000e+00
   7.1291090e+02   9.1007624e+01   1.6067433e+02   1.0000000e+00   1.9699888e+02   2.8652664e+02   1.0000000e+00
   7.1367140e+02   8.9043184e+01   1.5921523e+02   1.0000000e+00   1.9713092e+02   2.8887855e+02   1.0000000e+00
   7.1799541e+02   8.1627831e+01   1.6101534e+02   1.0000000e+00   2.0271266e+02   2.9799937e+02   1.0000000e+00
   7.2335386e+02   7.3815686e+01   1.6439510e+02   1.0000000e+00   2.1000000e+02   3.0849917e+02   1.0000000e+00
   7.2564816e+02   6.8972700e+01   1.6616364e+02   1.0000000e+00   2.1312431e+02   3.1487292e+02   1.0000000e+00
   7.2840697e+02   6.3543012e+01   1.6634400e+02   1.0000000e+00   2.1599723e+02   3.2150000e+02   1.0000000e+00
   7.3429497e+02   5.4772526e+01   1.6677023e+02   1.0000000e+00   2.2290288e+02   3.3233145e+02   1.0000000e+00
   7.3977085e+02   4.7805165e+01   1.6792178e+02   1.0000000e+00   2.2913695e+02   3.4111683e+02   1.0000000e+00
   7.4512484e+02   4.3176693e+01   1.6832612e+02   1.0000000e+00   2.3530684e+02   3.4699414e+02   1.0000000e+00
   7.5002560e+02   4.0247956e+01   1.6753360e+02   1.0000000e+00   2.4047208e+02   3.5000056e+02   1.0000000e+00
   7.5302877e+02   3.8951379e+01   1.6809615e+02   1.0000000e+00   2.4400168e+02   3.5150921e+02   1.0000000e+00
   7.5523067e+02   3.7558677e+01   1.6979419e+02   1.0000000e+00   2.4700112e+02   3.5350754e+02   1.0000000e+00
   7.5774131e+02   3.5836332e+01   1.7007583e+02   1.0000000e+00   2.5010097e+02   3.5568332e+02   1.0000000e+00
   7.5739370e+02   3.3870075e+01   1.7497020e+02   1.0000000e+00   2.5187639e+02   3.5887472e+02   1.0000000e+00
   7.4836970e+02   3.6866470e+01   1.8497878e+02   1.0000000e+00   2.4611155e+02   3.5733514e+02   1.0000000e+00
   7.3637069e+02   4.5163802e+01   1.9389273e+02   1.0000000e+00   2.3700099e+02   3.4900049e+02   1.0000000e+00
   7.2370140e+02   5.5078546e+01   1.9893286e+02   1.0000000e+00   2.2488730e+02   3.3766535e+02   1.0000000e+00
   7.1294358e+02   6.3701384e+01   2.0333266e+02   1.0000000e+00   2.1419028e+02   3.2752407e+02   1.0000000e+00
   7.0631554e+02   6.8558070e+01   2.0579422e+02   1.0000000e+00   2.0764311e+02   3.2190576e+02   1.0000000e+00
   7.0199775e+02   7.1335794e+01   2.0596437e+02   1.0000000e+00   2.0253100e+02   3.1799775e+02   1.0000000e+00
   6.9912598e+02   7.3719165e+01   2.0621100e+02   1.0000000e+00   1.9912500e+02   3.1512445e+02   1.0000000e+00
   6.9688152e+02   7.4836058e+01   2.0616412e+02   1.0000000e+00   1.9646053e+02   3.1400057e+02   1.0000000e+00
   6.9117455e+02   7.5840194e+01   2.0587515e+02   1.0000000e+00   1.8911007e+02   3.1233415e+02   1.0000000e+00
   6.8277286e+02   7.8533050e+01   2.0501422e+02   1.0000000e+00   1.7864236e+02   3.0890460e+02   1.0000000e+00
   6.7423459e+02   8.0927465e+01   2.0389157e+02   1.0000000e+00   1.6749704e+02   3.0549852e+02   1.0000000e+00
   6.6403909e+02   8.1926970e+01   2.0497820e+02   1.0000000e+00   1.5510864e+02   3.0433728e+02   1.0000000e+00
   6.5177070e+02   8.1729145e+01   2.0428247e+02   1.0000000e+00   1.3888998e+02   3.0466749e+02   1.0000000e+00
   6.4064311e+02   8.1280925e+01   2.0328207e+02   1.0000000e+00   1.2399754e+02   3.0500098e+02   1.0000000e+00
   6.3137683e+02   7.9898720e+01   2.0302497e+02   1.0000000e+00   1.1182605e+02   3.0700000e+02   1.0000000e+00
   6.2180692e+02   7.8875755e+01   2.0229384e+02   1.0000000e+00   9.8887000e+01   3.0830400e+02   1.0000000e+00
   6.1363363e+02   8.1133340e+01   1.9960196e+02   1.0000000e+00   8.6999018e+01   3.0499951e+02   1.0000000e+00
   6.0588316e+02   8.3915598e+01   2.0063119e+02   1.0000000e+00   7.7311500e+01   3.0111150e+02   1.0000000e+00
   5.9721670e+02   8.7117728e+01   2.0166729e+02   1.0000000e+00   6.6013440e+01   2.9701195e+02   1.0000000e+00
   5.8847477e+02   8.9696781e+01   2.0181562e+02   1.0000000e+00   5.4507675e+01   2.9351816e+02   1.0000000e+00
   5.7831775e+02   9.1587396e+01   2.0374576e+02   1.0000000e+00   4.1125416e+01   2.9112597e+02   1.0000000e+00
   5.6779426e+02   9.3704959e+01   2.0453684e+02   1.0000000e+00   2.6986960e+01   2.8821897e+02   1.0000000e+00
   5.5944604e+02   9.4734548e+01   2.0142213e+02   1.0000000e+00   1.4483136e+01   2.8617958e+02   1.0000000e+00
   5.5109850e+02   9.5465917e+01   1.9852305e+02   1.0000000e+00   1.8047153e+00   2.8499822e+02   1.0000000e+00
   5.5272140e+02   7.1083664e+01   1.8808712e+02   1.0000000e+00   5.0000000e-01   3.1699926e+02   1.0000000e+00
   5.6718253e+02   6.6712113e+01   1.8834165e+02   1.0000000e+00   1.9798494e+01   3.2299911e+02   1.0000000e+00
   5.7997721e+02   6.3115766e+01   1.8821090e+02   1.0000000e+00   3.7000000e+01   3.2780018e+02   1.0000000e+00
   5.9152033e+02   5.9484117e+01   1.8569554e+02   1.0000000e+00   5.1801154e+01   3.3199911e+02   1.0000000e+00
   6.0208193e+02   5.7669613e+01   1.8269455e+02   1.0000000e+00   6.4700355e+01   3.3370035e+02   1.0000000e+00
   6.1166646e+02   5.6470204e+01   1.8084757e+02   1.0000000e+00   7.6812021e+01   3.3481202e+02   1.0000000e+00
   6.2029165e+02   5.4955168e+01   1.8188031e+02   1.0000000e+00   8.8198138e+01   3.3699956e+02   1.0000000e+00
   6.2936959e+02   5.3491929e+01   1.8352597e+02   1.0000000e+00   1.0064178e+02   3.3890481e+02   1.0000000e+00
   6.4037433e+02   5.0306385e+01   1.8535727e+02   1.0000000e+00   1.1535271e+02   3.4309619e+02   1.0000000e+00
   6.5308370e+02   4.6741356e+01   1.8681961e+02   1.0000000e+00   1.3199902e+02   3.4800000e+02   1.0000000e+00
   6.6666052e+02   4.4050511e+01   1.8662099e+02   1.0000000e+00   1.4900098e+02   3.5100148e+02   1.0000000e+00
   6.8084268e+02   4.0272418e+01   1.8497586e+02   1.0000000e+00   1.6586896e+02   3.5511993e+02   1.0000000e+00
   6.9387836e+02   3.7662959e+01   1.8472507e+02   1.0000000e+00   1.8149806e+02   3.5800055e+02   1.0000000e+00
   7.0538868e+02   3.5336457e+01   1.8701073e+02   1.0000000e+00   1.9650138e+02   3.6100055e+02   1.0000000e+00
   7.1705868e+02   3.2333467e+01   1.8973067e+02   1.0000000e+00   2.1149972e+02   3.6500055e+02   1.0000000e+00
   7.2800064e+02   2.9762850e+01   1.9156340e+02   1.0000000e+00   2.2511301e+02   3.6829734e+02   1.0000000e+00
   7.3702582e+02   2.9526772e+01   1.9162179e+02   1.0000000e+00   2.3587714e+02   3.6812618e+02   1.0000000e+00
   7.4632607e+02   2.8022706e+01   1.9041648e+02   1.0000000e+00   2.4599778e+02   3.6950000e+02   1.0000000e+00
   7.5537085e+02   2.5253510e+01   1.8920234e+02   1.0000000e+00   2.5600000e+02   3.7250083e+02   1.0000000e+00
   7.6319805e+02   2.2958990e+01   1.8732920e+02   1.0000000e+00   2.6388757e+02   3.7467357e+02   1.0000000e+00
   7.7080985e+02   2.1152718e+01   1.8643041e+02   1.0000000e+00   2.7188883e+02   3.7630596e+02   1.0000000e+00
   7.7963907e+02   2.0156914e+01   1.8764645e+02   1.0000000e+00   2.8212382e+02   3.7732621e+02   1.0000000e+00
   7.8917925e+02   2.1076939e+01   1.9235971e+02   1.0000000e+00   2.9534977e+02   3.7690798e+02   1.0000000e+00
   8.0155478e+02   2.2716988e+01   1.9746381e+02   1.0000000e+00   3.1187184e+02   3.7512985e+02   1.0000000e+00
   8.1449154e+02   2.6303945e+01   2.0271898e+02   1.0000000e+00   3.2900111e+02   3.7149889e+02   1.0000000e+00
   8.2843493e+02   2.8772349e+01   2.0414211e+02   1.0000000e+00   3.4489379e+02   3.6815198e+02   1.0000000e+00
   8.4093865e+02   2.9706891e+01   2.0238248e+02   1.0000000e+00   3.5767704e+02   3.6599935e+02   1.0000000e+00
   8.2317504e+02   1.8364478e+02   1.8622156e+02   1.0000000e+00   3.3900126e+02   1.7771636e+02   1.0000000e+00
   8.0463293e+02   1.8378177e+02   1.8880513e+02   1.0000000e+00   3.2026826e+02   1.7697608e+02   1.0000000e+00
   7.8597611e+02   1.8118578e+02   1.9361000e+02   1.0000000e+00   3.0171582e+02   1.7899937e+02   1.0000000e+00
   7.6861211e+02   1.7508435e+02   1.9512065e+02   1.0000000e+00   2.8271293e+02   1.8599937e+02   1.0000000e+00
   7.5245987e+02   1.6937044e+02   1.9545139e+02   1.0000000e+00   2.6350083e+02   1.9200000e+02   1.0000000e+00
   7.3808936e+02   1.6675440e+02   1.9366128e+02   1.0000000e+00   2.4580854e+02   1.9452135e+02   1.0000000e+00
   7.2575254e+02   1.6557369e+02   1.9189962e+02   1.0000000e+00   2.3017901e+02   1.9548705e+02   1.0000000e+00
   7.1433991e+02   1.6318174e+02   1.9087057e+02   1.0000000e+00   2.1598756e+02   1.9798905e+02   1.0000000e+00
   7.0168059e+02   1.5880763e+02   1.9164427e+02   1.0000000e+00   2.0049945e+02   2.0299945e+02   1.0000000e+00
   6.9084696e+02   1.5536984e+02   1.9351901e+02   1.0000000e+00   1.8778286e+02   2.0701391e+02   1.0000000e+00
   6.8152160e+02   1.5258034e+02   1.9528552e+02   1.0000000e+00   1.7669774e+02   2.1029960e+02   1.0000000e+00
   6.7366140e+02   1.5136723e+02   1.9690753e+02   1.0000000e+00   1.6750166e+02   2.1200111e+02   1.0000000e+00
   6.6825654e+02   1.5076198e+02   1.9691237e+02   1.0000000e+00   1.6064373e+02   2.1243489e+02   1.0000000e+00
   6.6315389e+02   1.4896001e+02   1.9583375e+02   1.0000000e+00   1.5363545e+02   2.1445297e+02   1.0000000e+00
   6.5635715e+02   1.4675284e+02   1.9518040e+02   1.0000000e+00   1.4448547e+02   2.1718954e+02   1.0000000e+00
   6.4776908e+02   1.4524881e+02   1.9405009e+02   1.0000000e+00   1.3309825e+02   2.1864888e+02   1.0000000e+00
   6.3668165e+02   1.4378017e+02   1.9428331e+02   1.0000000e+00   1.1852086e+02   2.2018708e+02   1.0000000e+00
   6.2162486e+02   1.4228707e+02   1.9601291e+02   1.0000000e+00   9.9501771e+01   2.2179938e+02   1.0000000e+00
   6.0425312e+02   1.4068913e+02   1.9890192e+02   1.0000000e+00   7.7500189e+01   2.2353419e+02   1.0000000e+00
   5.8626980e+02   1.3693941e+02   2.0106174e+02   1.0000000e+00   5.3490683e+01   2.2819743e+02   1.0000000e+00
   5.6885395e+02   1.3430402e+02   2.0257717e+02   1.0000000e+00   2.9824146e+01   2.3149248e+02   1.0000000e+00
   5.5394909e+02   1.3329141e+02   2.0210546e+02   1.0000000e+00   8.9887387e+00   2.3220766e+02   1.0000000e+00
   5.7629949e+02   1.1475362e+02   7.2901928e+01   1.0000000e+00   1.6569307e+00   2.4489505e+02   1.0000000e+00
   5.8437325e+02   1.1629102e+02   7.5707425e+01   1.0000000e+00   1.2626705e+01   2.4356056e+02   1.0000000e+00
   5.9157057e+02   1.1825083e+02   7.6728415e+01   1.0000000e+00   2.1990591e+01   2.4121013e+02   1.0000000e+00
   5.9827774e+02   1.1899548e+02   7.6439453e+01   1.0000000e+00   3.0111220e+01   2.4066535e+02   1.0000000e+00
   6.0474409e+02   1.1959899e+02   7.5314495e+01   1.0000000e+00   3.7799912e+01   2.4000000e+02   1.0000000e+00
   6.1215302e+02   1.2092300e+02   7.4187905e+01   1.0000000e+00   4.6648798e+01   2.3809770e+02   1.0000000e+00
   6.1972734e+02   1.2337723e+02   7.5013410e+01   1.0000000e+00   5.6099651e+01   2.3564973e+02   1.0000000e+00
   6.2857823e+02   1.2579722e+02   7.5987462e+01   1.0000000e+00   6.7207235e+01   2.3300581e+02   1.0000000e+00
   6.3818154e+02   1.2846920e+02   7.4343877e+01   1.0000000e+00   7.8197931e+01   2.3000900e+02   1.0000000e+00
   6.4775801e+02   1.3076703e+02   7.0658687e+01   1.0000000e+00   8.8640060e+01   2.2709438e+02   1.0000000e+00
   6.5304283e+02   1.2689776e+02   6.9976207e+01   1.0000000e+00   9.4489100e+01   2.3199832e+02   1.0000000e+00
   6.5361215e+02   1.1538226e+02   7.2636368e+01   1.0000000e+00   9.5499446e+01   2.4599834e+02   1.0000000e+00
   6.5600794e+02   1.0135859e+02   7.5303013e+01   1.0000000e+00   9.8499723e+01   2.6299945e+02   1.0000000e+00
   6.6066664e+02   8.7128318e+01   7.7798718e+01   1.0000000e+00   1.0399889e+02   2.8050139e+02   1.0000000e+00
   6.5996560e+02   9.2028605e+01   8.8337465e+01   1.0000000e+00   1.0699951e+02   2.7599951e+02   1.0000000e+00
   6.6203870e+02   1.0343978e+02   9.8581434e+01   1.0000000e+00   1.1350000e+02   2.6299834e+02   1.0000000e+00
   6.6964336e+02   1.1149992e+02   1.0195555e+02   1.0000000e+00   1.2400000e+02   2.5399951e+02   1.0000000e+00
   6.7911886e+02   1.1993598e+02   1.0091163e+02   1.0000000e+00   1.3512542e+02   2.4387514e+02   1.0000000e+00
   6.8549198e+02   1.2373380e+02   1.0082258e+02   1.0000000e+00   1.4289913e+02   2.3932247e+02   1.0000000e+00
   6.8789209e+02   1.1462095e+02   1.0732026e+02   1.0000000e+00   1.4749862e+02   2.5100055e+02   1.0000000e+00
   6.8449854e+02   1.0528700e+02   1.2294419e+02   1.0000000e+00   1.4899951e+02   2.6399951e+02   1.0000000e+00
   6.8018847e+02   9.5104846e+01   1.3041394e+02   1.0000000e+00   1.4599888e+02   2.7748297e+02   1.0000000e+00
   6.8102008e+02   8.3781878e+01   1.2105607e+02   1.0000000e+00   1.4312271e+02   2.9012826e+02   1.0000000e+00
   6.8490129e+02   7.9466302e+01   1.0517688e+02   1.0000000e+00   1.4171483e+02   2.9300063e+02   1.0000000e+00
   6.9045863e+02   9.3872151e+01   9.8669154e+01   1.0000000e+00   1.4632555e+02   2.7509853e+02   1.0000000e+00
   7.0023570e+02   1.0450507e+02   1.0236610e+02   1.0000000e+00   1.5950055e+02   2.6300000e+02   1.0000000e+00
   7.0635848e+02   1.1106778e+02   1.1624060e+02   1.0000000e+00   1.7211329e+02   2.5670393e+02   1.0000000e+00
   7.1249857e+02   1.2046815e+02   1.3350826e+02   1.0000000e+00   1.8679468e+02   2.4699734e+02   1.0000000e+00
   7.2432852e+02   1.2611162e+02   1.3794347e+02   1.0000000e+00   2.0264900e+02   2.4090350e+02   1.0000000e+00
   7.3895693e+02   1.2729525e+02   1.2803005e+02   1.0000000e+00   2.1500647e+02   2.3899154e+02   1.0000000e+00
   7.5261257e+02   1.2838781e+02   1.1589351e+02   1.0000000e+00   2.2535868e+02   2.3690645e+02   1.0000000e+00
   7.6433218e+02   1.3337080e+02   1.0705896e+02   1.0000000e+00   2.3489067e+02   2.3068506e+02   1.0000000e+00
   7.7553117e+02   1.3796503e+02   1.0340808e+02   1.0000000e+00   2.4564735e+02   2.2509441e+02   1.0000000e+00
   7.8291287e+02   1.3265051e+02   1.0774510e+02   1.0000000e+00   2.5500000e+02   2.3200246e+02   1.0000000e+00
   7.8897469e+02   1.2164909e+02   1.1482785e+02   1.0000000e+00   2.6400000e+02   2.4551003e+02   1.0000000e+00
   7.9681581e+02   1.0723219e+02   1.1746202e+02   1.0000000e+00   2.7299592e+02   2.6282601e+02   1.0000000e+00
   8.0595748e+02   9.5758101e+01   1.1567433e+02   1.0000000e+00   2.8100049e+02   2.7600000e+02   1.0000000e+00
   8.1449109e+02   8.7786930e+01   1.1444207e+02   1.0000000e+00   2.8900000e+02   2.8500098e+02   1.0000000e+00
   8.1872358e+02   9.0775229e+01   1.1876910e+02   1.0000000e+00   2.9570146e+02   2.8200000e+02   1.0000000e+00
   8.2007773e+02   1.0386326e+02   1.2499178e+02   1.0000000e+00   3.0069760e+02   2.6799091e+02   1.0000000e+00
   8.1967845e+02   1.1833535e+02   1.2739065e+02   1.0000000e+00   3.0212625e+02   2.5112292e+02   1.0000000e+00
   8.1685897e+02   1.3449025e+02   1.2637235e+02   1.0000000e+00   2.9971813e+02   2.3202562e+02   1.0000000e+00
   8.1002269e+02   1.4578580e+02   1.2527959e+02   1.0000000e+00   2.9248090e+02   2.1899888e+02   1.0000000e+00
   8.0054800e+02   1.5140964e+02   1.2595775e+02   1.0000000e+00   2.8299852e+02   2.1200049e+02   1.0000000e+00
   7.8890171e+02   1.5389542e+02   1.2828135e+02   1.0000000e+00   2.7187812e+02   2.0887258e+02   1.0000000e+00
   7.7550645e+02   1.5269349e+02   1.3403546e+02   1.0000000e+00   2.5996861e+02   2.0998835e+02   1.0000000e+00
   7.6159583e+02   1.5098836e+02   1.3968945e+02   1.0000000e+00   2.4699852e+02   2.1200099e+02   1.0000000e+00
   7.4742060e+02   1.5035923e+02   1.4638012e+02   1.0000000e+00   2.3399889e+02   2.1249806e+02   1.0000000e+00
   7.3474828e+02   1.5027794e+02   1.5557684e+02   1.0000000e+00   2.2348011e+02   2.1300112e+02   1.0000000e+00
   7.2667691e+02   1.4964789e+02   1.6785495e+02   1.0000000e+00   2.1935232e+02   2.1409695e+02   1.0000000e+00
   7.2280554e+02   1.4920204e+02   1.8092398e+02   1.0000000e+00   2.2065366e+02   2.1544248e+02   1.0000000e+00
   7.2112028e+02   1.4949587e+02   1.9468197e+02   1.0000000e+00   2.2498705e+02   2.1598755e+02   1.0000000e+00
   7.2195978e+02   1.5064063e+02   2.0860342e+02   1.0000000e+00   2.3232926e+02   2.1590418e+02   1.0000000e+00
   7.2294159e+02   1.4990027e+02   2.2145110e+02   1.0000000e+00   2.3988678e+02   2.1768728e+02   1.0000000e+00
   7.1772931e+02   1.4782836e+02   2.3386441e+02   1.0000000e+00   2.3933284e+02   2.2111160e+02   1.0000000e+00
   7.0974945e+02   1.4725789e+02   2.4096481e+02   1.0000000e+00   2.3267160e+02   2.2210947e+02   1.0000000e+00
   7.0005702e+02   1.4704470e+02   2.4626031e+02   1.0000000e+00   2.2310396e+02   2.2265792e+02   1.0000000e+00
   6.8983922e+02   1.4556824e+02   2.5403028e+02   1.0000000e+00   2.1350083e+02   2.2500166e+02   1.0000000e+00
   6.7895351e+02   1.4113959e+02   2.6259925e+02   1.0000000e+00   2.0301071e+02   2.3121161e+02   1.0000000e+00
   6.6750828e+02   1.3968461e+02   2.6489998e+02   1.0000000e+00   1.8883285e+02   2.3319548e+02   1.0000000e+00
   6.5702392e+02   1.3978762e+02   2.6316951e+02   1.0000000e+00   1.7407550e+02   2.3266434e+02   1.0000000e+00
   6.4712563e+02   1.4301680e+02   2.6190972e+02   1.0000000e+00   1.6040089e+02   2.2760083e+02   1.0000000e+00
   6.3997446e+02   1.5027863e+02   2.5273743e+02   1.0000000e+00   1.4718241e+02   2.1616083e+02   1.0000000e+00
   6.2856883e+02   1.5344565e+02   2.4806276e+02   1.0000000e+00   1.2967282e+02   2.1074896e+02   1.0000000e+00
   6.1340245e+02   1.5255329e+02   2.5135794e+02   1.0000000e+00   1.1018109e+02   2.1181569e+02   1.0000000e+00
   6.0127693e+02   1.4938687e+02   2.5030865e+02   1.0000000e+00   9.2504098e+01   2.1551230e+02   1.0000000e+00
   5.8968981e+02   1.4865671e+02   2.4954954e+02   1.0000000e+00   7.5814732e+01   2.1600268e+02   1.0000000e+00
   5.7653705e+02   1.4895752e+02   2.5342453e+02   1.0000000e+00   5.8498523e+01   2.1549852e+02   1.0000000e+00
   5.6919898e+02   1.4921326e+02   2.5118847e+02   1.0000000e+00   4.7190860e+01   2.1451792e+02   1.0000000e+00
   5.6447861e+02   1.4639396e+02   2.4887364e+02   1.0000000e+00   3.9333661e+01   2.1810974e+02   1.0000000e+00
   5.5514134e+02   1.4626199e+02   2.5528949e+02   1.0000000e+00   2.7805521e+01   2.1882016e+02   1.0000000e+00
   5.5436115e+02   1.5088851e+02   2.5630893e+02   1.0000000e+00   2.7174524e+01   2.1199411e+02   1.0000000e+00
   5.5872217e+02   1.5210190e+02   2.6191344e+02   1.0000000e+00   3.5649044e+01   2.1073303e+02   1.0000000e+00
   5.5491136e+02   1.5427208e+02   2.7692730e+02   1.0000000e+00   3.5501848e+01   2.0849815e+02   1.0000000e+00
   5.4272284e+02   1.5687003e+02   2.8533812e+02   1.0000000e+00   1.9859507e+01   2.0449683e+02   1.0000000e+00
   5.3533083e+02   1.6265396e+02   2.8644813e+02   1.0000000e+00   8.8181453e+00   1.9518145e+02   1.0000000e+00
   5.3463318e+02   1.8088997e+02   2.9756298e+02   1.0000000e+00   1.2724532e+01   1.6749603e+02   1.0000000e+00
   5.5219574e+02   1.7208212e+02   2.9422202e+02   1.0000000e+00   3.8485285e+01   1.8230038e+02   1.0000000e+00
   5.7026749e+02   1.6882012e+02   2.8501330e+02   1.0000000e+00   6.2168297e+01   1.8782111e+02   1.0000000e+00
   5.8863838e+02   1.6551204e+02   2.7617551e+02   1.0000000e+00   8.5401998e+01   1.9339993e+02   1.0000000e+00
   6.0491637e+02   1.6190448e+02   2.7144642e+02   1.0000000e+00   1.0681935e+02   1.9918024e+02   1.0000000e+00
   6.1910916e+02   1.6234472e+02   2.6793729e+02   1.0000000e+00   1.2533987e+02   1.9907884e+02   1.0000000e+00
   6.3307492e+02   1.6376375e+02   2.6071558e+02   1.0000000e+00   1.4181935e+02   1.9718427e+02   1.0000000e+00
   6.4766933e+02   1.6492899e+02   2.5363803e+02   1.0000000e+00   1.5880062e+02   1.9600089e+02   1.0000000e+00
   6.6500556e+02   1.6909950e+02   2.4704524e+02   1.0000000e+00   1.7929508e+02   1.9069783e+02   1.0000000e+00
   6.7914273e+02   1.6891007e+02   2.4234317e+02   1.0000000e+00   1.9570022e+02   1.9130155e+02   1.0000000e+00
   7.0186389e+02   1.6500054e+02   2.2832494e+02   1.0000000e+00   2.1780368e+02   1.9700717e+02   1.0000000e+00
   7.1433135e+02   1.6243188e+02   2.1600733e+02   1.0000000e+00   2.2735595e+02   2.0044413e+02   1.0000000e+00
   7.2817848e+02   1.5958364e+02   2.0529345e+02   1.0000000e+00   2.3900049e+02   2.0400000e+02   1.0000000e+00
   7.4009244e+02   1.5715494e+02   2.0232367e+02   1.0000000e+00   2.5181567e+02   2.0746694e+02   1.0000000e+00
   7.4866505e+02   1.5928428e+02   2.0665555e+02   1.0000000e+00   2.6401166e+02   2.0521534e+02   1.0000000e+00
   7.5790995e+02   1.5796306e+02   2.1380583e+02   1.0000000e+00   2.7849890e+02   2.0799945e+02   1.0000000e+00
   7.6791750e+02   1.5297270e+02   2.2057356e+02   1.0000000e+00   2.9318248e+02   2.1552065e+02   1.0000000e+00
   7.7993586e+02   1.4726014e+02   2.2102025e+02   1.0000000e+00   3.0712257e+02   2.2312479e+02   1.0000000e+00
   7.9627043e+02   1.3968856e+02   2.1558650e+02   1.0000000e+00   3.2250083e+02   2.3299834e+02   1.0000000e+00
   8.1211842e+02   1.3349662e+02   2.0915381e+02   1.0000000e+00   3.3609315e+02   2.4063746e+02   1.0000000e+00
   8.2575777e+02   1.3318975e+02   2.0212560e+02   1.0000000e+00   3.4712569e+02   2.4087486e+02   1.0000000e+00
   8.3635738e+02   1.3772742e+02   1.9334750e+02   1.0000000e+00   3.5412299e+02   2.3487313e+02   1.0000000e+00
   8.2049352e+02   9.8467240e+01   1.4062651e+02   1.0000000e+00   3.0812230e+02   2.7587659e+02   1.0000000e+00
   7.9845916e+02   9.0438590e+01   1.3524996e+02   1.0000000e+00   2.8182576e+02   2.8416754e+02   1.0000000e+00
   7.7462744e+02   8.0704917e+01   1.3365124e+02   1.0000000e+00   2.5487847e+02   2.9587347e+02   1.0000000e+00
   7.4764018e+02   7.1062493e+01   1.3616069e+02   1.0000000e+00   2.2514869e+02   3.0789160e+02   1.0000000e+00
   7.2313315e+02   6.8279664e+01   1.3823630e+02   1.0000000e+00   1.9799945e+02   3.1150221e+02   1.0000000e+00
   7.0355313e+02   6.7415258e+01   1.4231040e+02   1.0000000e+00   1.7712465e+02   3.1312576e+02   1.0000000e+00
   6.8999761e+02   6.6477933e+01   1.4811218e+02   1.0000000e+00   1.6310974e+02   3.1533415e+02   1.0000000e+00
   6.7887601e+02   7.3609448e+01   1.5589920e+02   1.0000000e+00   1.5299754e+02   3.0800000e+02   1.0000000e+00
   6.6859283e+02   8.9441111e+01   1.6274039e+02   1.0000000e+00   1.4400089e+02   2.8879858e+02   1.0000000e+00
   6.5890921e+02   1.1486814e+02   1.6606572e+02   1.0000000e+00   1.3467790e+02   2.5611150e+02   1.0000000e+00
   6.5162971e+02   1.3822877e+02   1.6565480e+02   1.0000000e+00   1.2668164e+02   2.2588972e+02   1.0000000e+00
   6.4622688e+02   1.5729678e+02   1.6611669e+02   1.0000000e+00   1.2100063e+02   2.0071293e+02   1.0000000e+00
   6.4258526e+02   1.7203566e+02   1.6807334e+02   1.0000000e+00   1.1788845e+02   1.8133366e+02   1.0000000e+00
   6.4443020e+02   1.8629778e+02   1.6809900e+02   1.0000000e+00   1.2129905e+02   1.6288761e+02   1.0000000e+00
   6.4900845e+02   2.0089708e+02   1.6905405e+02   1.0000000e+00   1.2817979e+02   1.4399821e+02   1.0000000e+00
   6.5253133e+02   2.1460285e+02   1.7111280e+02   1.0000000e+00   1.3436534e+02   1.2638024e+02   1.0000000e+00
   6.5509137e+02   2.2388022e+02   1.7379885e+02   1.0000000e+00   1.3924563e+02   1.1433928e+02   1.0000000e+00
   6.5842117e+02   2.3316527e+02   1.7349980e+02   1.0000000e+00   1.4381679e+02   1.0246796e+02   1.0000000e+00
   6.6053377e+02   2.3994818e+02   1.7260377e+02   1.0000000e+00   1.4650111e+02   9.3998337e+01   1.0000000e+00
   6.6137482e+02   2.4503834e+02   1.7115899e+02   1.0000000e+00   1.4750055e+02   8.7498710e+01   1.0000000e+00
   6.6038996e+02   2.4984690e+02   1.6931661e+02   1.0000000e+00   1.4569906e+02   8.1283549e+01   1.0000000e+00
   6.5512556e+02   2.5428110e+02   1.6815766e+02   1.0000000e+00   1.3899955e+02   7.4811052e+01   1.0000000e+00
   6.4923476e+02   2.5649433e+02   1.6617591e+02   1.0000000e+00   1.3098883e+02   7.1213584e+01   1.0000000e+00
   6.3879915e+02   2.4757051e+02   1.6593719e+02   1.0000000e+00   1.1700098e+02   8.1999018e+01   1.0000000e+00
   6.2311516e+02   2.3280483e+02   1.6836543e+02   1.0000000e+00   9.6991559e+01   9.9988580e+01   1.0000000e+00
   6.0840608e+02   2.1666934e+02   1.6887542e+02   1.0000000e+00   7.6999508e+01   1.2000049e+02   1.0000000e+00
   5.9674330e+02   1.9692288e+02   1.6732509e+02   1.0000000e+00   5.9643265e+01   1.4543878e+02   1.0000000e+00
   5.8740384e+02   1.7438331e+02   1.6675616e+02   1.0000000e+00   4.5999015e+01   1.7500000e+02   1.0000000e+00
   5.8040395e+02   1.5650841e+02   1.6650638e+02   1.0000000e+00   3.5130556e+01   1.9887889e+02   1.0000000e+00
   5.7366781e+02   1.3928238e+02   1.6751421e+02   1.0000000e+00   2.5875277e+01   2.2187417e+02   1.0000000e+00
   5.6848864e+02   1.2095051e+02   1.6972395e+02   1.0000000e+00   1.8299296e+01   2.4688732e+02   1.0000000e+00
   5.6699280e+02   1.0171454e+02   1.7118052e+02   1.0000000e+00   1.5901099e+01   2.7264885e+02   1.0000000e+00
   5.6769687e+02   8.2594897e+01   1.7443911e+02   1.0000000e+00   1.7008441e+01   2.9900844e+02   1.0000000e+00
   5.6977658e+02   6.5232946e+01   1.7675733e+02   1.0000000e+00   1.9808830e+01   3.2298589e+02   1.0000000e+00
   5.7243504e+02   4.8246712e+01   1.7820214e+02   1.0000000e+00   2.3127011e+01   3.4612257e+02   1.0000000e+00
   5.7391755e+02   3.3123053e+01   1.7935556e+02   1.0000000e+00   2.4985573e+01   3.6677773e+02   1.0000000e+00
   5.6683598e+02   2.6375636e+01   1.9074373e+02   1.0000000e+00   1.8637938e+01   3.7854491e+02   1.0000000e+00
   5.5259676e+02   2.9042714e+01   2.0802647e+02   1.0000000e+00   4.1096838e+00   3.7933745e+02   1.0000000e+00
   5.5854238e+02   1.2346914e+02   1.7613969e+02   1.0000000e+00   6.9994454e+00   2.4350028e+02   1.0000000e+00
   5.7087942e+02   1.2263444e+02   1.6549199e+02   1.0000000e+00   2.0500827e+01   2.4400110e+02   1.0000000e+00
   5.7758149e+02   1.1520081e+02   1.6805577e+02   1.0000000e+00   3.0001658e+01   2.5450083e+02   1.0000000e+00
   5.7612875e+02   1.0534346e+02   1.9113895e+02   1.0000000e+00   3.4811006e+01   2.7047722e+02   1.0000000e+00
   5.7756145e+02   1.0632992e+02   2.1536639e+02   1.0000000e+00   4.4481178e+01   2.7249348e+02   1.0000000e+00
   5.8230357e+02   1.2040365e+02   2.3332099e+02   1.0000000e+00   5.7815736e+01   2.5483897e+02   1.0000000e+00
   5.9144103e+02   1.3586267e+02   2.3897247e+02   1.0000000e+00   7.3509944e+01   2.3352308e+02   1.0000000e+00
   6.0061376e+02   1.4643802e+02   2.3706779e+02   1.0000000e+00   8.6014356e+01   2.1878152e+02   1.0000000e+00
   6.0877895e+02   1.5496093e+02   2.3310539e+02   1.0000000e+00   9.6445907e+01   2.0666392e+02   1.0000000e+00
   6.1918071e+02   1.5737281e+02   2.1963265e+02   1.0000000e+00   1.0578769e+02   2.0299331e+02   1.0000000e+00
   6.3151598e+02   1.5747774e+02   2.0510330e+02   1.0000000e+00   1.1669906e+02   2.0229113e+02   1.0000000e+00
   6.4173509e+02   1.5570050e+02   1.9503001e+02   1.0000000e+00   1.2611237e+02   2.0466683e+02   1.0000000e+00
   6.5231693e+02   1.4900984e+02   1.8570001e+02   1.0000000e+00   1.3566683e+02   2.1311270e+02   1.0000000e+00
   6.5986719e+02   1.4034277e+02   1.8713448e+02   1.0000000e+00   1.4520311e+02   2.2499733e+02   1.0000000e+00
   6.6514378e+02   1.3545799e+02   1.9765266e+02   1.0000000e+00   1.5611210e+02   2.3267407e+02   1.0000000e+00
   6.7078751e+02   1.3170745e+02   2.1185362e+02   1.0000000e+00   1.6897686e+02   2.3901962e+02   1.0000000e+00
   6.7786697e+02   1.2444083e+02   2.2290855e+02   1.0000000e+00   1.8233317e+02   2.5011155e+02   1.0000000e+00
   6.8786840e+02   1.1171081e+02   2.2223286e+02   1.0000000e+00   1.9409832e+02   2.6732196e+02   1.0000000e+00
   7.0043930e+02   9.5915228e+01   2.1133818e+02   1.0000000e+00   2.0399951e+02   2.8700098e+02   1.0000000e+00
   7.1499407e+02   8.0863746e+01   2.0063202e+02   1.0000000e+00   2.1600147e+02   3.0500049e+02   1.0000000e+00
   7.3037552e+02   5.7653721e+01   1.9602021e+02   1.0000000e+00   2.3113497e+02   3.3388288e+02   1.0000000e+00
   7.3927340e+02   3.8154023e+01   1.9690882e+02   1.0000000e+00   2.4109296e+02   3.5836332e+02   1.0000000e+00
   7.4294726e+02   2.8627011e+01   1.9842609e+02   1.0000000e+00   2.4588763e+02   3.7066683e+02   1.0000000e+00
   7.4809170e+02   1.8001436e+01   2.0098163e+02   1.0000000e+00   2.5250194e+02   3.8400111e+02   1.0000000e+00
   7.5441453e+02   9.5282796e+00   2.0322933e+02   1.0000000e+00   2.6050028e+02   3.9500000e+02   1.0000000e+00
   7.5658469e+02   1.1120255e+01   2.0464386e+02   1.0000000e+00   2.6399690e+02   3.9320399e+02   1.0000000e+00
   7.6300772e+02   1.1285736e+01   2.0619984e+02   1.0000000e+00   2.7200099e+02   3.9300148e+02   1.0000000e+00
   7.7421520e+02   1.1880489e+01   2.0722001e+02   1.0000000e+00   2.8550138e+02   3.9200111e+02   1.0000000e+00
   7.8142793e+02   2.1814931e+01   2.1027123e+02   1.0000000e+00   2.9599109e+02   3.7999109e+02   1.0000000e+00
   7.9064787e+02   2.9868025e+01   2.0929591e+02   1.0000000e+00   3.0611018e+02   3.6933301e+02   1.0000000e+00
   8.0204100e+02   3.2045517e+01   2.0551535e+02   1.0000000e+00   3.1710050e+02   3.6534900e+02   1.0000000e+00
   8.1004504e+02   3.7725832e+01   2.0311411e+02   1.0000000e+00   3.2499956e+02   3.5781547e+02   1.0000000e+00
   8.1385226e+02   4.9475663e+01   1.9999308e+02   1.0000000e+00   3.2812542e+02   3.4287625e+02   1.0000000e+00
   8.1297735e+02   6.5524070e+01   1.9691192e+02   1.0000000e+00   3.2667750e+02   3.2299740e+02   1.0000000e+00
   8.0737650e+02   8.3773349e+01   1.9228246e+02   1.0000000e+00   3.1899937e+02   2.9971573e+02   1.0000000e+00
   8.0286365e+02   9.5073563e+01   1.8527052e+02   1.0000000e+00   3.1128535e+02   2.8499937e+02   1.0000000e+00
   7.9886210e+02   1.0352857e+02   1.7955682e+02   1.0000000e+00   3.0447128e+02   2.7399944e+02   1.0000000e+00
   7.9454620e+02   1.0991053e+02   1.7798470e+02   1.0000000e+00   2.9914754e+02   2.6610910e+02   1.0000000e+00
   7.8930803e+02   1.1362003e+02   1.7288400e+02   1.0000000e+00   2.9112424e+02   2.6087354e+02   1.0000000e+00
   7.8395718e+02   1.1570281e+02   1.5892819e+02   1.0000000e+00   2.7850305e+02   2.5700167e+02   1.0000000e+00
   7.7654665e+02   1.1929931e+02   1.4414781e+02   1.0000000e+00   2.6371229e+02   2.5099873e+02   1.0000000e+00
   7.6493263e+02   1.2837070e+02   1.3028329e+02   1.0000000e+00   2.4500113e+02   2.3846870e+02   1.0000000e+00
   7.5278830e+02   1.3577194e+02   1.1480827e+02   1.0000000e+00   2.2547315e+02   2.2800000e+02   1.0000000e+00
   7.4495127e+02   1.4301045e+02   1.0011898e+02   1.0000000e+00   2.1100148e+02   2.1799901e+02   1.0000000e+00
   7.3898283e+02   1.5061843e+02   8.5224619e+01   1.0000000e+00   1.9900000e+02   2.0799951e+02   1.0000000e+00
   7.3286739e+02   1.6038480e+02   7.2517486e+01   1.0000000e+00   1.8781557e+02   1.9581330e+02   1.0000000e+00
   7.2808686e+02   1.7145785e+02   6.7926754e+01   1.0000000e+00   1.8110691e+02   1.8231355e+02   1.0000000e+00
   7.2833660e+02   1.7727746e+02   6.7984038e+01   1.0000000e+00   1.8199943e+02   1.7553511e+02   1.0000000e+00
   7.3101648e+02   1.8174207e+02   7.1070486e+01   1.0000000e+00   1.8610412e+02   1.7065543e+02   1.0000000e+00
   7.3200994e+02   1.8876177e+02   7.7965136e+01   1.0000000e+00   1.9029008e+02   1.6300127e+02   1.0000000e+00
   7.3383768e+02   1.9863343e+02   8.0612275e+01   1.0000000e+00   1.9398781e+02   1.5127903e+02   1.0000000e+00
   7.3401529e+02   2.0557257e+02   8.3369400e+01   1.0000000e+00   1.9571483e+02   1.4300000e+02   1.0000000e+00
   7.3196735e+02   2.0740821e+02   9.0780314e+01   1.0000000e+00   1.9633936e+02   1.4089910e+02   1.0000000e+00
   7.3502273e+02   2.0118039e+02   1.0400538e+02   1.0000000e+00   2.0487521e+02   1.4887241e+02   1.0000000e+00
   7.4230549e+02   1.9180356e+02   1.2002202e+02   1.0000000e+00   2.1912082e+02   1.6086748e+02   1.0000000e+00
   7.5062628e+02   1.8734676e+02   1.3340242e+02   1.0000000e+00   2.3400098e+02   1.6699951e+02   1.0000000e+00
   7.5342093e+02   1.8089486e+02   1.5139071e+02   1.0000000e+00   2.4489199e+02   1.7569320e+02   1.0000000e+00
   7.5682575e+02   1.6760246e+02   1.7484911e+02   1.0000000e+00   2.5889404e+02   1.9334204e+02   1.0000000e+00
   7.6956688e+02   1.4996464e+02   1.9076055e+02   1.0000000e+00   2.7997267e+02   2.1701316e+02   1.0000000e+00
   7.8469963e+02   1.3067193e+02   2.0653608e+02   1.0000000e+00   3.0400000e+02   2.4300000e+02   1.0000000e+00
   8.0521862e+02   1.1160164e+02   2.1330902e+02   1.0000000e+00   3.2950139e+02   2.6800000e+02   1.0000000e+00
   8.2539614e+02   9.3882147e+01   2.1072952e+02   1.0000000e+00   3.4928608e+02   2.8999873e+02   1.0000000e+00
   8.3945738e+02   7.5447982e+01   2.0733900e+02   1.0000000e+00   3.6128490e+02   3.1199937e+02   1.0000000e+00
   8.1339417e+02   4.9868298e+01   7.6821757e+01   1.0000000e+00   2.6928617e+02   3.2299874e+02   1.0000000e+00
   7.9401184e+02   6.6667414e+01   8.1372236e+01   1.0000000e+00   2.5199803e+02   3.0500247e+02   1.0000000e+00
   7.7945445e+02   8.8471079e+01   8.0886511e+01   1.0000000e+00   2.3771727e+02   2.7999937e+02   1.0000000e+00
   7.7361148e+02   1.0973362e+02   7.2196165e+01   1.0000000e+00   2.2899951e+02   2.5500148e+02   1.0000000e+00
   7.7241474e+02   1.3072635e+02   5.8485447e+01   1.0000000e+00   2.2300049e+02   2.3000000e+02   1.0000000e+00
   7.6859071e+02   1.5155979e+02   5.4526509e+01   1.0000000e+00   2.1886521e+02   2.0611633e+02   1.0000000e+00
   7.6320571e+02   1.7321585e+02   5.7202027e+01   1.0000000e+00   2.1499830e+02   1.8153148e+02   1.0000000e+00
   7.6004589e+02   1.8776301e+02   5.9214249e+01   1.0000000e+00   2.1349251e+02   1.6500000e+02   1.0000000e+00
   7.5806135e+02   1.9590571e+02   6.4030467e+01   1.0000000e+00   2.1353503e+02   1.5600056e+02   1.0000000e+00
   7.5679165e+02   2.0366165e+02   7.4027308e+01   1.0000000e+00   2.1649779e+02   1.4700166e+02   1.0000000e+00
   7.5682336e+02   2.1012856e+02   8.4769590e+01   1.0000000e+00   2.2111062e+02   1.3966568e+02   1.0000000e+00
   7.5638924e+02   2.1582097e+02   9.1765553e+01   1.0000000e+00   2.2401799e+02   1.3298351e+02   1.0000000e+00
   7.5167531e+02   2.0198087e+02   9.6197137e+01   1.0000000e+00   2.2000190e+02   1.4871564e+02   1.0000000e+00
   7.4065082e+02   1.8916058e+02   1.1034341e+02   1.0000000e+00   2.1299889e+02   1.6350861e+02   1.0000000e+00
   7.2344289e+02   1.8615964e+02   1.3073997e+02   1.0000000e+00   2.0187285e+02   1.6687729e+02   1.0000000e+00
   7.0484834e+02   1.8300055e+02   1.4675899e+02   1.0000000e+00   1.8649862e+02   1.7000166e+02   1.0000000e+00
   6.8628351e+02   1.8447810e+02   1.6030306e+02   1.0000000e+00   1.7000055e+02   1.6750221e+02   1.0000000e+00
   6.7147262e+02   1.8633165e+02   1.6762193e+02   1.0000000e+00   1.5490500e+02   1.6435550e+02   1.0000000e+00
   6.5853879e+02   1.8832289e+02   1.7189995e+02   1.0000000e+00   1.4048084e+02   1.6117792e+02   1.0000000e+00
   6.4349961e+02   1.8625310e+02   1.7860213e+02   1.0000000e+00   1.2399951e+02   1.6300049e+02   1.0000000e+00
   6.2931358e+02   1.8265164e+02   1.9058505e+02   1.0000000e+00   1.0988681e+02   1.6733366e+02   1.0000000e+00
   6.2019965e+02   1.7721523e+02   2.1052330e+02   1.0000000e+00   1.0500099e+02   1.7500049e+02   1.0000000e+00
   6.2181891e+02   1.6596671e+02   2.2572645e+02   1.0000000e+00   1.1249945e+02   1.9150166e+02   1.0000000e+00
   6.2936441e+02   1.4465274e+02   2.3660734e+02   1.0000000e+00   1.2538879e+02   2.2235294e+02   1.0000000e+00
   6.3758568e+02   1.2376674e+02   2.4398209e+02   1.0000000e+00   1.3850018e+02   2.5249797e+02   1.0000000e+00
   6.4377217e+02   1.0480856e+02   2.4833900e+02   1.0000000e+00   1.4749978e+02   2.7979956e+02   1.0000000e+00
   6.4881083e+02   8.2951523e+01   2.5021667e+02   1.0000000e+00   1.5389207e+02   3.1066338e+02   1.0000000e+00
   6.5049745e+02   6.8275986e+01   2.5239946e+02   1.0000000e+00   1.5629863e+02   3.3129907e+02   1.0000000e+00
   6.4786558e+02   6.1776269e+01   2.5581246e+02   1.0000000e+00   1.5399257e+02   3.4100495e+02   1.0000000e+00
   6.4038524e+02   5.6735208e+01   2.5902203e+02   1.0000000e+00   1.4500049e+02   3.4899951e+02   1.0000000e+00
   6.2561135e+02   5.0312539e+01   2.6506049e+02   1.0000000e+00   1.2699375e+02   3.5979161e+02   1.0000000e+00
   6.0566343e+02   4.5739735e+01   2.7145436e+02   1.0000000e+00   1.0149963e+02   3.6849889e+02   1.0000000e+00
   5.8748551e+02   4.3625939e+01   2.7393087e+02   1.0000000e+00   7.6385481e+01   3.7261759e+02   1.0000000e+00
   5.7257497e+02   4.2251241e+01   2.7022677e+02   1.0000000e+00   5.3499815e+01   3.7449871e+02   1.0000000e+00
   5.5904125e+02   3.4744319e+01   2.6599350e+02   1.0000000e+00   3.1825718e+01   3.8481682e+02   1.0000000e+00
   5.4744750e+02   2.0999547e+01   2.6810656e+02   1.0000000e+00   1.5001795e+01   4.0617317e+02   1.0000000e+00
   5.7430992e+02   4.9409288e+01   1.4699664e+02   1.0000000e+00   1.6523361e+01   3.3851809e+02   1.0000000e+00
   5.9211084e+02   6.7051412e+01   1.3069170e+02   1.0000000e+00   3.5699867e+01   3.1270075e+02   1.0000000e+00
   6.0310769e+02   9.0792758e+01   1.2211426e+02   1.0000000e+00   4.7999508e+01   2.8099656e+02   1.0000000e+00
   6.1267133e+02   1.0908950e+02   1.2001542e+02   1.0000000e+00   6.0501997e+01   2.5780204e+02   1.0000000e+00
   6.2077782e+02   1.2168713e+02   1.2227963e+02   1.0000000e+00   7.1998522e+01   2.4200000e+02   1.0000000e+00
   6.2341144e+02   1.3682596e+02   1.2528336e+02   1.0000000e+00   7.7012168e+01   2.2320460e+02   1.0000000e+00
   6.2441130e+02   1.5351852e+02   1.2408305e+02   1.0000000e+00   7.8797783e+01   2.0200000e+02   1.0000000e+00
   6.2626295e+02   1.7186923e+02   1.2068647e+02   1.0000000e+00   8.1000000e+01   1.7849945e+02   1.0000000e+00
   6.2903405e+02   1.8494357e+02   1.1970360e+02   1.0000000e+00   8.4668636e+01   1.6211374e+02   1.0000000e+00
   6.3585858e+02   1.9191842e+02   1.1854016e+02   1.0000000e+00   9.3339763e+01   1.5389318e+02   1.0000000e+00
   6.4669729e+02   1.9546949e+02   1.1966830e+02   1.0000000e+00   1.0717763e+02   1.5000089e+02   1.0000000e+00
   6.5964069e+02   1.9273942e+02   1.1758589e+02   1.0000000e+00   1.2189765e+02   1.5434598e+02   1.0000000e+00
   6.6986580e+02   1.7817984e+02   1.1216796e+02   1.0000000e+00   1.3150000e+02   1.7300111e+02   1.0000000e+00
   6.7778377e+02   1.6036727e+02   1.0709429e+02   1.0000000e+00   1.3799951e+02   1.9499803e+02   1.0000000e+00
   6.8523675e+02   1.4334274e+02   1.0201227e+02   1.0000000e+00   1.4400126e+02   2.1571636e+02   1.0000000e+00
   6.9038088e+02   1.2532728e+02   1.0103494e+02   1.0000000e+00   1.4900113e+02   2.3752453e+02   1.0000000e+00
   6.9369782e+02   1.0810865e+02   1.0162200e+02   1.0000000e+00   1.5200000e+02   2.5849945e+02   1.0000000e+00
   6.9611313e+02   9.0075277e+01   1.0272592e+02   1.0000000e+00   1.5411564e+02   2.8029613e+02   1.0000000e+00
   6.9897912e+02   7.4843724e+01   1.0313078e+02   1.0000000e+00   1.5700111e+02   2.9850083e+02   1.0000000e+00
   7.0339810e+02   6.0696795e+01   1.0513161e+02   1.0000000e+00   1.6200148e+02   3.1600099e+02   1.0000000e+00
   7.0865599e+02   4.7527515e+01   1.0825580e+02   1.0000000e+00   1.6877994e+02   3.3198102e+02   1.0000000e+00
   7.1430971e+02   3.5331050e+01   1.1231652e+02   1.0000000e+00   1.7600049e+02   3.4700098e+02   1.0000000e+00
   7.1744412e+02   2.7216315e+01   1.1654372e+02   1.0000000e+00   1.8099945e+02   3.5749834e+02   1.0000000e+00
   7.1608970e+02   2.5364216e+01   1.2187546e+02   1.0000000e+00   1.8112056e+02   3.6069964e+02   1.0000000e+00
   7.1390760e+02   2.0889534e+01   1.3031116e+02   1.0000000e+00   1.8187459e+02   3.6787569e+02   1.0000000e+00
   7.0491078e+02   2.1871754e+01   1.4430759e+02   1.0000000e+00   1.7700000e+02   3.6949778e+02   1.0000000e+00
   6.8697474e+02   2.9216995e+01   1.5815474e+02   1.0000000e+00   1.6166617e+02   3.6388725e+02   1.0000000e+00
   6.6959435e+02   2.8282698e+01   1.6877781e+02   1.0000000e+00   1.4471833e+02   3.6770395e+02   1.0000000e+00
   6.5429332e+02   2.6084728e+01   1.7472907e+02   1.0000000e+00   1.2800000e+02   3.7204308e+02   1.0000000e+00
   6.3627824e+02   3.3122444e+01   1.7870511e+02   1.0000000e+00   1.0681004e+02   3.6452195e+02   1.0000000e+00
   6.1588545e+02   4.3071540e+01   1.7900549e+02   1.0000000e+00   8.1000000e+01   3.5200000e+02   1.0000000e+00
   5.9894461e+02   5.0426493e+01   1.7265140e+02   1.0000000e+00   5.6901902e+01   3.4164515e+02   1.0000000e+00
   5.8804949e+02   5.7269897e+01   1.6065733e+02   1.0000000e+00   3.9106436e+01   3.3034356e+02   1.0000000e+00
   5.8769562e+02   6.1203302e+01   1.3846813e+02   1.0000000e+00   3.2000000e+01   3.2149945e+02   1.0000000e+00
   5.9932796e+02   6.4880189e+01   1.0898864e+02   1.0000000e+00   3.8346574e+01   3.1210328e+02   1.0000000e+00
   6.0830462e+02   6.4350396e+01   9.4849848e+01   1.0000000e+00   4.5332513e+01   3.1046740e+02   1.0000000e+00
   6.1660083e+02   5.3628076e+01   7.9150791e+01   1.0000000e+00   5.0501935e+01   3.2100276e+02   1.0000000e+00
   6.1953701e+02   5.6119677e+01   7.0177737e+01   1.0000000e+00   5.1335637e+01   3.1689042e+02   1.0000000e+00
   6.1270781e+02   6.7843853e+01   7.3234530e+01   1.0000000e+00   4.4656606e+01   3.0310242e+02   1.0000000e+00
   6.0284062e+02   7.7523925e+01   7.6478359e+01   1.0000000e+00   3.3999107e+01   2.9180223e+02   1.0000000e+00
   5.9149326e+02   9.6296554e+01   8.4493108e+01   1.0000000e+00   2.2998337e+01   2.6950111e+02   1.0000000e+00
   5.8040661e+02   1.1690180e+02   9.0909342e+01   1.0000000e+00   1.1667486e+01   2.4410969e+02   1.0000000e+00
   5.7075445e+02   1.3247257e+02   1.0524870e+02   1.0000000e+00   3.9101406e+00   2.2536044e+02   1.0000000e+00
   5.6142957e+02   1.4027415e+02   1.2751434e+02   1.0000000e+00   0.0000000e+00   2.1642857e+02   1.0000000e+00
   5.4796958e+02   2.7332718e+01   2.1240619e+02   1.0000000e+00   0.0000000e+00   3.8300000e+02   1.0000000e+00
   5.4965498e+02   3.3140700e+01   2.3011044e+02   1.0000000e+00   6.6832805e+00   3.7873131e+02   1.0000000e+00
   5.6082405e+02   1.9651567e+02   1.2411383e+02   1.0000000e+00   0.0000000e+00   1.4298958e+02   1.0000000e+00
   5.6700884e+02   1.9242282e+02   1.0994141e+02   1.0000000e+00   3.3026906e+00   1.4827534e+02   1.0000000e+00
   5.7049970e+02   1.8736373e+02   1.0006134e+02   1.0000000e+00   4.9990157e+00   1.5500098e+02   1.0000000e+00
   5.7382219e+02   1.8000913e+02   9.2997818e+01   1.0000000e+00   6.8173038e+00   1.6418270e+02   1.0000000e+00
   5.7824885e+02   1.7495851e+02   8.7697993e+01   1.0000000e+00   1.0888126e+01   1.7066634e+02   1.0000000e+00
   5.8329642e+02   1.6909330e+02   8.0857967e+01   1.0000000e+00   1.5162822e+01   1.7799955e+02   1.0000000e+00
   5.9348485e+02   1.5780103e+02   7.2139594e+01   1.0000000e+00   2.4803104e+01   1.9199867e+02   1.0000000e+00
   6.0436918e+02   1.4708434e+02   6.4933355e+01   1.0000000e+00   3.5694930e+01   2.0528039e+02   1.0000000e+00
   6.1143288e+02   1.3820795e+02   5.8654635e+01   1.0000000e+00   4.1999014e+01   2.1599951e+02   1.0000000e+00
   6.1654825e+02   1.2993142e+02   5.4140016e+01   1.0000000e+00   4.6499723e+01   2.2600000e+02   1.0000000e+00
   6.2100839e+02   1.2076798e+02   5.4621776e+01   1.0000000e+00   5.1503050e+01   2.3699889e+02   1.0000000e+00
   6.2463430e+02   1.1524263e+02   5.5918339e+01   1.0000000e+00   5.6002459e+01   2.4399902e+02   1.0000000e+00
   6.2669832e+02   1.1051397e+02   5.8860952e+01   1.0000000e+00   5.9003450e+01   2.5000246e+02   1.0000000e+00
   6.3076995e+02   1.0298655e+02   6.0832280e+01   1.0000000e+00   6.4114101e+01   2.5931340e+02   1.0000000e+00
   6.3659200e+02   9.6319115e+01   6.2382576e+01   1.0000000e+00   7.1188843e+01   2.6751943e+02   1.0000000e+00
   6.4197578e+02   9.0233091e+01   6.6814102e+01   1.0000000e+00   7.8898507e+01   2.7534279e+02   1.0000000e+00
   6.4677655e+02   8.4818633e+01   6.9362089e+01   1.0000000e+00   8.5001480e+01   2.8200197e+02   1.0000000e+00
   6.4884759e+02   8.4920313e+01   7.0722290e+01   1.0000000e+00   8.7870843e+01   2.8212195e+02   1.0000000e+00
   6.4441326e+02   9.0397077e+01   7.5200408e+01   1.0000000e+00   8.4312185e+01   2.7610926e+02   1.0000000e+00
   6.3988047e+02   9.4493163e+01   8.0180094e+01   1.0000000e+00   8.0666667e+01   2.7188840e+02   1.0000000e+00
   6.3790474e+02   8.7902135e+01   8.7291633e+01   1.0000000e+00   8.0111275e+01   2.8066617e+02   1.0000000e+00
   6.3926861e+02   7.7156932e+01   9.4620846e+01   1.0000000e+00   8.3702307e+01   2.9470009e+02   1.0000000e+00
   6.4044770e+02   7.0201826e+01   1.0423049e+02   1.0000000e+00   8.7998895e+01   3.0449945e+02   1.0000000e+00
   6.4051737e+02   6.7488622e+01   1.1620921e+02   1.0000000e+00   9.1887892e+01   3.0968510e+02   1.0000000e+00
   6.3783376e+02   6.7283906e+01   1.3114722e+02   1.0000000e+00   9.3711660e+01   3.1200063e+02   1.0000000e+00
   6.3319006e+02   6.9958097e+01   1.4232990e+02   1.0000000e+00   9.1888507e+01   3.1066650e+02   1.0000000e+00
