   6.9764143e+02   1.0236467e+02   1.7629698e+02   1.0000000e+00   2.3329167e+02   2.3049339e+02   1.0000000e+00
   6.9802478e+02   1.0230409e+02   1.7561851e+02   1.0000000e+00   2.3349778e+02   2.3050111e+02   1.0000000e+00
   6.9913766e+02   1.0151583e+02   1.7485576e+02   1.0000000e+00   2.3335747e+02   2.2961817e+02   1.0000000e+00
   6.9957997e+02   1.0103651e+02   1.7538507e+02   1.0000000e+00   2.3276871e+02   2.2931252e+02   1.0000000e+00
   6.9987723e+02   1.0188635e+02   1.7504633e+02   1.0000000e+00   2.3282307e+02   2.3017040e+02   1.0000000e+00
   7.0254797e+02   1.0023190e+02   1.7405470e+02   1.0000000e+00   2.3207865e+02   2.2864507e+02   1.0000000e+00
   7.0299160e+02   9.7302549e+01   1.7611092e+02   1.0000000e+00   2.3049442e+02   2.2549368e+02   1.0000000e+00
   7.0101546e+02   9.8983908e+01   1.7707211e+02   1.0000000e+00   2.3079893e+02   2.2700044e+02   1.0000000e+00
   7.0068374e+02   1.0126693e+02   1.7368705e+02   1.0000000e+00   2.3348617e+02   2.2949253e+02   1.0000000e+00
   7.0381353e+02   9.8959646e+01   1.7083167e+02   1.0000000e+00   2.3350018e+02   2.2750055e+02   1.0000000e+00
   7.0807664e+02   9.4186306e+01   1.6916654e+02   1.0000000e+00   2.3261840e+02   2.2310225e+02   1.0000000e+00
   7.1013723e+02   9.2779011e+01   1.6777433e+02   1.0000000e+00   2.3248778e+02   2.2181512e+02   1.0000000e+00
   7.1144937e+02   9.2519724e+01   1.6673937e+02   1.0000000e+00   2.3245776e+02   2.2149462e+02   1.0000000e+00
   7.1318948e+02   9.0104402e+01   1.6669325e+02   1.0000000e+00   2.3162060e+02   2.1937549e+02   1.0000000e+00
   7.1350971e+02   8.9221611e+01   1.6527799e+02   1.0000000e+00   2.3248417e+02   2.1849322e+02   1.0000000e+00
   7.1145294e+02   9.1059917e+01   1.6455150e+02   1.0000000e+00   2.3399348e+02   2.2046145e+02   1.0000000e+00
   7.1083523e+02   9.2312702e+01   1.6389595e+02   1.0000000e+00   2.3498745e+02   2.2179561e+02   1.0000000e+00
   7.1159475e+02   9.1999485e+01   1.6159724e+02   1.0000000e+00   2.3601501e+02   2.2150481e+02   1.0000000e+00
   7.1176470e+02   9.2575088e+01   1.6033224e+02   1.0000000e+00   2.3683776e+02   2.2217736e+02   1.0000000e+00
   7.1198789e+02   9.2125334e+01   1.6127645e+02   1.0000000e+00   2.3598468e+02   2.2180631e+02   1.0000000e+00
   7.1291090e+02   9.1007624e+01   1.6067433e+02   1.0000000e+00   2.3606346e+02   2.2066197e+02   1.0000000e+00
   7.1367140e+02   8.9043184e+01   1.5921523e+02   1.0000000e+00   2.3663331e+02   2.1907766e+02   1.0000000e+00
   7.1799541e+02   8.1627831e+01   1.6101534e+02   1.0000000e+00   2.3334842e+02   2.1162095e+02   1.0000000e+00
   7.2335386e+02   7.3815686e+01   1.6439510e+02   1.0000000e+00   2.2783746e+02   2.0400000e+02   1.0000000e+00
   7.2564816e+02   6.8972700e+01   1.6616364e+02   1.0000000e+00   2.2544431e+02   1.9932544e+02   1.0000000e+00
   7.2840697e+02   6.3543012e+01   1.6634400e+02   1.0000000e+00   2.2399108e+02   1.9399851e+02   1.0000000e+00
   7.3429497e+02   5.4772526e+01   1.6677023e+02   1.0000000e+00   2.2095583e+02   1.8597689e+02   1.0000000e+00
   7.3977085e+02   4.7805165e+01   1.6792178e+02   1.0000000e+00   2.1700049e+02   1.7900148e+02   1.0000000e+00
   7.4512484e+02   4.3176693e+01   1.6832612e+02   1.0000000e+00   2.1396489e+02   1.7498677e+02   1.0000000e+00
   7.5002560e+02   4.0247956e+01   1.6753360e+02   1.0000000e+00   2.1184367e+02   1.7240303e+02   1.0000000e+00
   7.5302877e+02   3.8951379e+01   1.6809615e+02   1.0000000e+00   2.0962881e+02   1.7082851e+02   1.0000000e+00
   7.5523067e+02   3.7558677e+01   1.6979419e+02   1.0000000e+00   2.0700089e+02   1.6979947e+02   1.0000000e+00
   7.5774131e+02   3.5836332e+01   1.7007583e+02   1.0000000e+00   2.0549834e+02   1.6800332e+02   1.0000000e+00
   7.5739370e+02   3.3870075e+01   1.7497020e+02   1.0000000e+00   2.0247192e+02   1.6596412e+02   1.0000000e+00
   7.4836970e+02   3.6866470e+01   1.8497878e+02   1.0000000e+00   1.9998501e+02   1.6721210e+02   1.0000000e+00
   7.3637069e+02   4.5163802e+01   1.9389273e+02   1.0000000e+00   2.0027132e+02   1.7400258e+02   1.0000000e+00
   7.2370140e+02   5.5078546e+01   1.9893286e+02   1.0000000e+00   2.0326710e+02   1.8244625e+02   1.0000000e+00
   7.1294358e+02   6.3701384e+01   2.0333266e+02   1.0000000e+00   2.0599689e+02   1.9019751e+02   1.0000000e+00
   7.0631554e+02   6.8558070e+01   2.0579422e+02   1.0000000e+00   2.0797636e+02   1.9478318e+02   1.0000000e+00
   7.0199775e+02   7.1335794e+01   2.0596437e+02   1.0000000e+00   2.1014801e+02   1.9717247e+02   1.0000000e+00
   6.9912598e+02   7.3719165e+01   2.0621100e+02   1.0000000e+00   2.1150111e+02   1.9949963e+02   1.0000000e+00
   6.9688152e+02   7.4836058e+01   2.0616412e+02   1.0000000e+00   2.1307334e+02   2.0066090e+02   1.0000000e+00
   6.9117455e+02   7.5840194e+01   2.0587515e+02   1.0000000e+00   2.1650074e+02   2.0149963e+02   1.0000000e+00
   6.8277286e+02   7.8533050e+01   2.0501422e+02   1.0000000e+00   2.2248173e+02   2.0429231e+02   1.0000000e+00
   6.7423459e+02   8.0927465e+01   2.0389157e+02   1.0000000e+00   2.2848872e+02   2.0670702e+02   1.0000000e+00
   6.6403909e+02   8.1926970e+01   2.0497820e+02   1.0000000e+00   2.3428513e+02   2.0750032e+02   1.0000000e+00
   6.5177070e+02   8.1729145e+01   2.0428247e+02   1.0000000e+00   2.4261785e+02   2.0738283e+02   1.0000000e+00
   6.4064311e+02   8.1280925e+01   2.0328207e+02   1.0000000e+00   2.5084985e+02   2.0654439e+02   1.0000000e+00
   6.3137683e+02   7.9898720e+01   2.0302497e+02   1.0000000e+00   2.5749588e+02   2.0528359e+02   1.0000000e+00
   6.2180692e+02   7.8875755e+01   2.0229384e+02   1.0000000e+00   2.6458767e+02   2.0400990e+02   1.0000000e+00
   6.1363363e+02   8.1133340e+01   1.9960196e+02   1.0000000e+00   2.7201914e+02   2.0650253e+02   1.0000000e+00
   6.0588316e+02   8.3915598e+01   2.0063119e+02   1.0000000e+00   2.7650095e+02   2.0928449e+02   1.0000000e+00
   5.9721670e+02   8.7117728e+01   2.0166729e+02   1.0000000e+00   2.8140851e+02   2.1241153e+02   1.0000000e+00
   5.8847477e+02   8.9696781e+01   2.0181562e+02   1.0000000e+00   2.8748418e+02   2.1529338e+02   1.0000000e+00
   5.7831775e+02   9.1587396e+01   2.0374576e+02   1.0000000e+00   2.9299063e+02   2.1698126e+02   1.0000000e+00
   5.6779426e+02   9.3704959e+01   2.0453684e+02   1.0000000e+00   2.9984249e+02   2.1922156e+02   1.0000000e+00
   5.5944604e+02   9.4734548e+01   2.0142213e+02   1.0000000e+00   3.0828454e+02   2.2050111e+02   1.0000000e+00
   5.5109850e+02   9.5465917e+01   1.9852305e+02   1.0000000e+00   3.1660118e+02   2.2159793e+02   1.0000000e+00
   5.4181014e+02   9.5800764e+01   1.9662589e+02   1.0000000e+00   3.2510555e+02   2.2228122e+02   1.0000000e+00
   5.3281207e+02   9.5553488e+01   1.9592846e+02   1.0000000e+00   3.3249820e+02   2.2199862e+02   1.0000000e+00
   5.2356535e+02   9.3535026e+01   1.9581877e+02   1.0000000e+00   3.3988593e+02   2.1971778e+02   1.0000000e+00
   5.1401608e+02   9.1271494e+01   1.9536260e+02   1.0000000e+00   3.4788583e+02   2.1728455e+02   1.0000000e+00
   5.1226268e+02   8.3844348e+01   1.8782016e+02   1.0000000e+00   3.5572426e+02   2.0961992e+02   1.0000000e+00
   5.2502516e+02   8.2309781e+01   1.8580813e+02   1.0000000e+00   3.4741219e+02   2.0838530e+02   1.0000000e+00
   5.3861665e+02   7.6642473e+01   1.8688348e+02   1.0000000e+00   3.3649952e+02   2.0228653e+02   1.0000000e+00
   5.5272140e+02   7.1083664e+01   1.8808712e+02   1.0000000e+00   3.2550032e+02   1.9628431e+02   1.0000000e+00
   5.6718253e+02   6.6712113e+01   1.8834165e+02   1.0000000e+00   3.1449842e+02   1.9171189e+02   1.0000000e+00
   5.7997721e+02   6.3115766e+01   1.8821090e+02   1.0000000e+00   3.0562388e+02   1.8836818e+02   1.0000000e+00
   5.9152033e+02   5.9484117e+01   1.8569554e+02   1.0000000e+00   2.9952716e+02   1.8484657e+02   1.0000000e+00
   6.0208193e+02   5.7669613e+01   1.8269455e+02   1.0000000e+00   2.9449953e+02   1.8371478e+02   1.0000000e+00
   6.1166646e+02   5.6470204e+01   1.8084757e+02   1.0000000e+00   2.8946434e+02   1.8284351e+02   1.0000000e+00
   6.2029165e+02   5.4955168e+01   1.8188031e+02   1.0000000e+00   2.8261318e+02   1.8138614e+02   1.0000000e+00
   6.2936959e+02   5.3491929e+01   1.8352597e+02   1.0000000e+00   2.7552955e+02   1.7987349e+02   1.0000000e+00
   6.4037433e+02   5.0306385e+01   1.8535727e+02   1.0000000e+00   2.6681869e+02   1.7681668e+02   1.0000000e+00
   6.5308370e+02   4.6741356e+01   1.8681961e+02   1.0000000e+00   2.5749403e+02   1.7349366e+02   1.0000000e+00
   6.6666052e+02   4.4050511e+01   1.8662099e+02   1.0000000e+00   2.4900090e+02   1.7118377e+02   1.0000000e+00
   6.8084268e+02   4.0272418e+01   1.8497586e+02   1.0000000e+00   2.4135649e+02   1.6809331e+02   1.0000000e+00
   6.9387836e+02   3.7662959e+01   1.8472507e+02   1.0000000e+00   2.3347814e+02   1.6617851e+02   1.0000000e+00
   7.0538868e+02   3.5336457e+01   1.8701073e+02   1.0000000e+00   2.2476884e+02   1.6398438e+02   1.0000000e+00
   7.1705868e+02   3.2333467e+01   1.8973067e+02   1.0000000e+00   2.1566441e+02   1.6117118e+02   1.0000000e+00
   7.2800064e+02   2.9762850e+01   1.9156340e+02   1.0000000e+00   2.0797333e+02   1.5897128e+02   1.0000000e+00
   7.3702582e+02   2.9526772e+01   1.9162179e+02   1.0000000e+00   2.0244993e+02   1.5885112e+02   1.0000000e+00
   7.4632607e+02   2.8022706e+01   1.9041648e+02   1.0000000e+00   1.9796120e+02   1.5824750e+02   1.0000000e+00
   7.5537085e+02   2.5253510e+01   1.8920234e+02   1.0000000e+00   1.9395494e+02   1.5600269e+02   1.0000000e+00
   7.6319805e+02   2.2958990e+01   1.8732920e+02   1.0000000e+00   1.9080242e+02   1.5468509e+02   1.0000000e+00
   7.7080985e+02   2.1152718e+01   1.8643041e+02   1.0000000e+00   1.8728931e+02   1.5335377e+02   1.0000000e+00
   7.7963907e+02   2.0156914e+01   1.8764645e+02   1.0000000e+00   1.8125083e+02   1.5275028e+02   1.0000000e+00
   7.8917925e+02   2.1076939e+01   1.9235971e+02   1.0000000e+00   1.7257033e+02   1.5374928e+02   1.0000000e+00
   8.0155478e+02   2.2716988e+01   1.9746381e+02   1.0000000e+00   1.6224862e+02   1.5475138e+02   1.0000000e+00
   8.1449154e+02   2.6303945e+01   2.0271898e+02   1.0000000e+00   1.5100000e+02   1.5850221e+02   1.0000000e+00
   8.2843493e+02   2.8772349e+01   2.0414211e+02   1.0000000e+00   1.4260790e+02   1.6117080e+02   1.0000000e+00
   8.4093865e+02   2.9706891e+01   2.0238248e+02   1.0000000e+00   1.3749103e+02   1.6249103e+02   1.0000000e+00
   8.2317504e+02   1.8364478e+02   1.8622156e+02   1.0000000e+00   1.4948162e+02   3.0302603e+02   1.0000000e+00
   8.0463293e+02   1.8378177e+02   1.8880513e+02   1.0000000e+00   1.5671492e+02   3.0414096e+02   1.0000000e+00
   7.8597611e+02   1.8118578e+02   1.9361000e+02   1.0000000e+00   1.6390015e+02   3.0225214e+02   1.0000000e+00
   7.6861211e+02   1.7508435e+02   1.9512065e+02   1.0000000e+00   1.7232708e+02   2.9753984e+02   1.0000000e+00
   7.5245987e+02   1.6937044e+02   1.9545139e+02   1.0000000e+00   1.8196468e+02   2.9272844e+02   1.0000000e+00
   7.3808936e+02   1.6675440e+02   1.9366128e+02   1.0000000e+00   1.9170539e+02   2.9092983e+02   1.0000000e+00
   7.2575254e+02   1.6557369e+02   1.9189962e+02   1.0000000e+00   2.0059896e+02   2.9040139e+02   1.0000000e+00
   7.1433991e+02   1.6318174e+02   1.9087057e+02   1.0000000e+00   2.0836674e+02   2.8860945e+02   1.0000000e+00
   7.0168059e+02   1.5880763e+02   1.9164427e+02   1.0000000e+00   2.1597032e+02   2.8481370e+02   1.0000000e+00
   6.9084696e+02   1.5536984e+02   1.9351901e+02   1.0000000e+00   2.2140964e+02   2.8154757e+02   1.0000000e+00
   6.8152160e+02   1.5258034e+02   1.9528552e+02   1.0000000e+00   2.2586619e+02   2.7924872e+02   1.0000000e+00
   6.7366140e+02   1.5136723e+02   1.9690753e+02   1.0000000e+00   2.2986022e+02   2.7822491e+02   1.0000000e+00
   6.6825654e+02   1.5076198e+02   1.9691237e+02   1.0000000e+00   2.3328285e+02   2.7767476e+02   1.0000000e+00
   6.6315389e+02   1.4896001e+02   1.9583375e+02   1.0000000e+00   2.3750846e+02   2.7630111e+02   1.0000000e+00
   6.5635715e+02   1.4675284e+02   1.9518040e+02   1.0000000e+00   2.4261849e+02   2.7437671e+02   1.0000000e+00
   6.4776908e+02   1.4524881e+02   1.9405009e+02   1.0000000e+00   2.4944908e+02   2.7290269e+02   1.0000000e+00
   6.3668165e+02   1.4378017e+02   1.9428331e+02   1.0000000e+00   2.5661385e+02   2.7161454e+02   1.0000000e+00
   6.2162486e+02   1.4228707e+02   1.9601291e+02   1.0000000e+00   2.6549705e+02   2.7068734e+02   1.0000000e+00
   6.0425312e+02   1.4068913e+02   1.9890192e+02   1.0000000e+00   2.7522355e+02   2.6933936e+02   1.0000000e+00
   5.8626980e+02   1.3693941e+02   2.0106174e+02   1.0000000e+00   2.8636679e+02   2.6562714e+02   1.0000000e+00
   5.6885395e+02   1.3430402e+02   2.0257717e+02   1.0000000e+00   2.9782226e+02   2.6349358e+02   1.0000000e+00
   5.5394909e+02   1.3329141e+02   2.0210546e+02   1.0000000e+00   3.0929060e+02   2.6250767e+02   1.0000000e+00
   5.4087954e+02   1.3253145e+02   1.9946073e+02   1.0000000e+00   3.2096489e+02   2.6249915e+02   1.0000000e+00
   5.2798169e+02   1.3142772e+02   1.9686957e+02   1.0000000e+00   3.3296340e+02   2.6150197e+02   1.0000000e+00
   5.1441242e+02   1.2892672e+02   1.9500984e+02   1.0000000e+00   3.4560231e+02   2.5940035e+02   1.0000000e+00
   3.5384857e+02   1.1280278e+02   2.0358246e+02   1.0000000e+00   4.8510436e+02   2.4244699e+02   1.0000000e+00
   3.5320923e+02   1.2536029e+02   2.1740662e+02   1.0000000e+00   4.7295345e+02   2.5710267e+02   1.0000000e+00
   3.5455415e+02   1.3684070e+02   2.2828163e+02   1.0000000e+00   4.6133866e+02   2.7114128e+02   1.0000000e+00
   3.5590069e+02   1.4533380e+02   2.3583247e+02   1.0000000e+00   4.5278594e+02   2.8150309e+02   1.0000000e+00
   3.5824532e+02   1.4590145e+02   2.3726153e+02   1.0000000e+00   4.4900772e+02   2.8201673e+02   1.0000000e+00
   3.6530582e+02   1.4499401e+02   2.3660361e+02   1.0000000e+00   4.4254756e+02   2.8079435e+02   1.0000000e+00
   3.7546320e+02   1.4412789e+02   2.3831922e+02   1.0000000e+00   4.3090622e+02   2.7918681e+02   1.0000000e+00
   3.8246959e+02   1.3457548e+02   2.3316202e+02   1.0000000e+00   4.2930205e+02   2.6686829e+02   1.0000000e+00
   3.8474184e+02   1.1895177e+02   2.2848775e+02   1.0000000e+00   4.3222430e+02   2.4750283e+02   1.0000000e+00
   3.7997657e+02   1.0355360e+02   2.2850677e+02   1.0000000e+00   4.3800804e+02   2.2799958e+02   1.0000000e+00
   3.7086167e+02   9.4356566e+01   2.2954571e+02   1.0000000e+00   4.4700253e+02   2.1600063e+02   1.0000000e+00
   3.5541749e+02   1.0274742e+02   2.3854607e+02   1.0000000e+00   4.5415204e+02   2.2578881e+02   1.0000000e+00
   3.5022084e+02   1.0875700e+02   2.4042955e+02   1.0000000e+00   4.5738621e+02   2.3376481e+02   1.0000000e+00
   3.4903151e+02   1.1507372e+02   2.3950842e+02   1.0000000e+00   4.5900021e+02   2.4200021e+02   1.0000000e+00
   3.5335265e+02   1.1314925e+02   2.3804778e+02   1.0000000e+00   4.5585826e+02   2.3980580e+02   1.0000000e+00
   3.6076262e+02   1.0391365e+02   2.3443341e+02   1.0000000e+00   4.5208144e+02   2.2791056e+02   1.0000000e+00
   3.6853561e+02   9.4838861e+01   2.2904905e+02   1.0000000e+00   4.4975196e+02   2.1627330e+02   1.0000000e+00
   4.9128860e+02   1.0919161e+02   1.0909628e+02   1.0000000e+00   4.3152219e+02   2.4450056e+02   1.0000000e+00
   5.0032181e+02   1.1251179e+02   1.1089109e+02   1.0000000e+00   4.2207114e+02   2.4811474e+02   1.0000000e+00
   5.1359542e+02   1.1639011e+02   1.0714172e+02   1.0000000e+00   4.1375384e+02   2.5238419e+02   1.0000000e+00
   5.2757176e+02   1.1739403e+02   9.7495875e+01   1.0000000e+00   4.0949984e+02   2.5371383e+02   1.0000000e+00
   5.3899178e+02   1.1702878e+02   8.3422666e+01   1.0000000e+00   4.1057721e+02   2.5416919e+02   1.0000000e+00
   5.4545057e+02   1.1662811e+02   7.1123802e+01   1.0000000e+00   4.1430455e+02   2.5451883e+02   1.0000000e+00
   5.5131142e+02   1.1761547e+02   6.8712376e+01   1.0000000e+00   4.1139950e+02   2.5563382e+02   1.0000000e+00
   5.5826094e+02   1.1762280e+02   7.1070819e+01   1.0000000e+00   4.0438574e+02   2.5538435e+02   1.0000000e+00
   5.6701295e+02   1.1548219e+02   7.2744738e+01   1.0000000e+00   3.9668960e+02   2.5276215e+02   1.0000000e+00
   5.7629949e+02   1.1475362e+02   7.2901928e+01   1.0000000e+00   3.8941440e+02   2.5198756e+02   1.0000000e+00
   5.8437325e+02   1.1629102e+02   7.5707425e+01   1.0000000e+00   3.8150000e+02   2.5328549e+02   1.0000000e+00
   5.9157057e+02   1.1825083e+02   7.6728415e+01   1.0000000e+00   3.7546101e+02   2.5484781e+02   1.0000000e+00
   5.9827774e+02   1.1899548e+02   7.6439453e+01   1.0000000e+00   3.7070374e+02   2.5551358e+02   1.0000000e+00
   6.0474409e+02   1.1959899e+02   7.5314495e+01   1.0000000e+00   3.6681994e+02   2.5617965e+02   1.0000000e+00
   6.1215302e+02   1.2092300e+02   7.4187905e+01   1.0000000e+00   3.6239266e+02   2.5739163e+02   1.0000000e+00
   6.1972734e+02   1.2337723e+02   7.5013410e+01   1.0000000e+00   3.5629738e+02   2.5951340e+02   1.0000000e+00
   6.2857823e+02   1.2579722e+02   7.5987462e+01   1.0000000e+00   3.4928521e+02   2.6151543e+02   1.0000000e+00
   6.3818154e+02   1.2846920e+02   7.4343877e+01   1.0000000e+00   3.4355207e+02   2.6415517e+02   1.0000000e+00
   6.4775801e+02   1.3076703e+02   7.0658687e+01   1.0000000e+00   3.3951150e+02   2.6630096e+02   1.0000000e+00
   6.5304283e+02   1.2689776e+02   6.9976207e+01   1.0000000e+00   3.3674984e+02   2.6249935e+02   1.0000000e+00
   6.5361215e+02   1.1538226e+02   7.2636368e+01   1.0000000e+00   3.3521515e+02   2.5132462e+02   1.0000000e+00
   6.5600794e+02   1.0135859e+02   7.5303013e+01   1.0000000e+00   3.3260007e+02   2.3739959e+02   1.0000000e+00
   6.6066664e+02   8.7128318e+01   7.7798718e+01   1.0000000e+00   3.2849908e+02   2.2350240e+02   1.0000000e+00
   6.5996560e+02   9.2028605e+01   8.8337465e+01   1.0000000e+00   3.2150221e+02   2.2749779e+02   1.0000000e+00
   6.6203870e+02   1.0343978e+02   9.8581434e+01   1.0000000e+00   3.1237869e+02   2.3762921e+02   1.0000000e+00
   6.6964336e+02   1.1149992e+02   1.0195555e+02   1.0000000e+00   3.0461200e+02   2.4536811e+02   1.0000000e+00
   6.7911886e+02   1.1993598e+02   1.0091163e+02   1.0000000e+00   2.9839740e+02   2.5339740e+02   1.0000000e+00
   6.8549198e+02   1.2373380e+02   1.0082258e+02   1.0000000e+00   2.9416755e+02   2.5681497e+02   1.0000000e+00
   6.8789209e+02   1.1462095e+02   1.0732026e+02   1.0000000e+00   2.8860685e+02   2.4760719e+02   1.0000000e+00
   6.8449854e+02   1.0528700e+02   1.2294419e+02   1.0000000e+00   2.8049460e+02   2.3749795e+02   1.0000000e+00
   6.8018847e+02   9.5104846e+01   1.3041394e+02   1.0000000e+00   2.7851490e+02   2.2701056e+02   1.0000000e+00
   6.8102008e+02   8.3781878e+01   1.2105607e+02   1.0000000e+00   2.8537933e+02   2.1662856e+02   1.0000000e+00
   6.8490129e+02   7.9466302e+01   1.0517688e+02   1.0000000e+00   2.9445003e+02   2.1415129e+02   1.0000000e+00
   6.9045863e+02   9.3872151e+01   9.8669154e+01   1.0000000e+00   2.9449459e+02   2.2849571e+02   1.0000000e+00
   7.0023570e+02   1.0450507e+02   1.0236610e+02   1.0000000e+00   2.8482141e+02   2.3818141e+02   1.0000000e+00
   7.0635848e+02   1.1106778e+02   1.1624060e+02   1.0000000e+00   2.7082735e+02   2.4318408e+02   1.0000000e+00
   7.1249857e+02   1.2046815e+02   1.3350826e+02   1.0000000e+00   2.5434542e+02   2.5092098e+02   1.0000000e+00
   7.2432852e+02   1.2611162e+02   1.3794347e+02   1.0000000e+00   2.4349603e+02   2.5570626e+02   1.0000000e+00
   7.3895693e+02   1.2729525e+02   1.2803005e+02   1.0000000e+00   2.4160609e+02   2.5739254e+02   1.0000000e+00
   7.5261257e+02   1.2838781e+02   1.1589351e+02   1.0000000e+00   2.4200224e+02   2.5882184e+02   1.0000000e+00
   7.6433218e+02   1.3337080e+02   1.0705896e+02   1.0000000e+00   2.4097119e+02   2.6381299e+02   1.0000000e+00
   7.7553117e+02   1.3796503e+02   1.0340808e+02   1.0000000e+00   2.3681270e+02   2.6782705e+02   1.0000000e+00
   7.8291287e+02   1.3265051e+02   1.0774510e+02   1.0000000e+00   2.2978728e+02   2.6253763e+02   1.0000000e+00
   7.8897469e+02   1.2164909e+02   1.1482785e+02   1.0000000e+00   2.2198655e+02   2.5200000e+02   1.0000000e+00
   7.9681581e+02   1.0723219e+02   1.1746202e+02   1.0000000e+00   2.1677320e+02   2.3898280e+02   1.0000000e+00
   8.0595748e+02   9.5758101e+01   1.1567433e+02   1.0000000e+00   2.1344088e+02   2.2850274e+02   1.0000000e+00
   8.1449109e+02   8.7786930e+01   1.1444207e+02   1.0000000e+00   2.1009192e+02   2.2167525e+02   1.0000000e+00
   8.1872358e+02   9.0775229e+01   1.1876910e+02   1.0000000e+00   2.0482605e+02   2.2399910e+02   1.0000000e+00
   8.2007773e+02   1.0386326e+02   1.2499178e+02   1.0000000e+00   1.9898223e+02   2.3500964e+02   1.0000000e+00
   8.1967845e+02   1.1833535e+02   1.2739065e+02   1.0000000e+00   1.9648745e+02   2.4802129e+02   1.0000000e+00
   8.1685897e+02   1.3449025e+02   1.2637235e+02   1.0000000e+00   1.9796386e+02   2.6215637e+02   1.0000000e+00
   8.1002269e+02   1.4578580e+02   1.2527959e+02   1.0000000e+00   2.0165580e+02   2.7253677e+02   1.0000000e+00
   8.0054800e+02   1.5140964e+02   1.2595775e+02   1.0000000e+00   2.0602624e+02   2.7820543e+02   1.0000000e+00
   7.8890171e+02   1.5389542e+02   1.2828135e+02   1.0000000e+00   2.1086548e+02   2.8026590e+02   1.0000000e+00
   7.7550645e+02   1.5269349e+02   1.3403546e+02   1.0000000e+00   2.1450566e+02   2.7950906e+02   1.0000000e+00
   7.6159583e+02   1.5098836e+02   1.3968945e+02   1.0000000e+00   2.1862039e+02   2.7809582e+02   1.0000000e+00
   7.4742060e+02   1.5035923e+02   1.4638012e+02   1.0000000e+00   2.2200719e+02   2.7752669e+02   1.0000000e+00
   7.3474828e+02   1.5027794e+02   1.5557684e+02   1.0000000e+00   2.2308729e+02   2.7752674e+02   1.0000000e+00
   7.2667691e+02   1.4964789e+02   1.6785495e+02   1.0000000e+00   2.1884805e+02   2.7625745e+02   1.0000000e+00
   7.2280554e+02   1.4920204e+02   1.8092398e+02   1.0000000e+00   2.1148535e+02   2.7533883e+02   1.0000000e+00
   7.2112028e+02   1.4949587e+02   1.9468197e+02   1.0000000e+00   2.0182868e+02   2.7501962e+02   1.0000000e+00
   7.2195978e+02   1.5064063e+02   2.0860342e+02   1.0000000e+00   1.9062963e+02   2.7532639e+02   1.0000000e+00
   7.2294159e+02   1.4990027e+02   2.2145110e+02   1.0000000e+00   1.8042481e+02   2.7355091e+02   1.0000000e+00
   7.1772931e+02   1.4782836e+02   2.3386441e+02   1.0000000e+00   1.7372602e+02   2.7112681e+02   1.0000000e+00
   7.0974945e+02   1.4725789e+02   2.4096481e+02   1.0000000e+00   1.7299643e+02   2.7019519e+02   1.0000000e+00
   7.0005702e+02   1.4704470e+02   2.4626031e+02   1.0000000e+00   1.7472428e+02   2.6992475e+02   1.0000000e+00
   6.8983922e+02   1.4556824e+02   2.5403028e+02   1.0000000e+00   1.7470286e+02   2.6815656e+02   1.0000000e+00
   6.7895351e+02   1.4113959e+02   2.6259925e+02   1.0000000e+00   1.7460142e+02   2.6319929e+02   1.0000000e+00
   6.6750828e+02   1.3968461e+02   2.6489998e+02   1.0000000e+00   1.8024945e+02   2.6224501e+02   1.0000000e+00
   6.5702392e+02   1.3978762e+02   2.6316951e+02   1.0000000e+00   1.8837322e+02   2.6222507e+02   1.0000000e+00
   6.4712563e+02   1.4301680e+02   2.6190972e+02   1.0000000e+00   1.9546282e+02   2.6601345e+02   1.0000000e+00
   6.3997446e+02   1.5027863e+02   2.5273743e+02   1.0000000e+00   2.0758573e+02   2.7461982e+02   1.0000000e+00
   6.2856883e+02   1.5344565e+02   2.4806276e+02   1.0000000e+00   2.1860489e+02   2.7860305e+02   1.0000000e+00
   6.1340245e+02   1.5255329e+02   2.5135794e+02   1.0000000e+00   2.2626816e+02   2.7832608e+02   1.0000000e+00
   6.0127693e+02   1.4938687e+02   2.5030865e+02   1.0000000e+00   2.3549777e+02   2.7528795e+02   1.0000000e+00
   5.8968981e+02   1.4865671e+02   2.4954954e+02   1.0000000e+00   2.4411743e+02   2.7470149e+02   1.0000000e+00
   5.7653705e+02   1.4895752e+02   2.5342453e+02   1.0000000e+00   2.5015371e+02   2.7547373e+02   1.0000000e+00
   5.6919898e+02   1.4921326e+02   2.5118847e+02   1.0000000e+00   2.5745052e+02   2.7616188e+02   1.0000000e+00
   5.6447861e+02   1.4639396e+02   2.4887364e+02   1.0000000e+00   2.6270934e+02   2.7350561e+02   1.0000000e+00
   5.5514134e+02   1.4626199e+02   2.5528949e+02   1.0000000e+00   2.6425797e+02   2.7288354e+02   1.0000000e+00
   5.5436115e+02   1.5088851e+02   2.5630893e+02   1.0000000e+00   2.6339312e+02   2.7843862e+02   1.0000000e+00
   5.5872217e+02   1.5210190e+02   2.6191344e+02   1.0000000e+00   2.5545656e+02   2.7901498e+02   1.0000000e+00
   5.5491136e+02   1.5427208e+02   2.7692730e+02   1.0000000e+00   2.4550113e+02   2.8052262e+02   1.0000000e+00
   5.4272284e+02   1.5687003e+02   2.8533812e+02   1.0000000e+00   2.4666245e+02   2.8353973e+02   1.0000000e+00
   5.3533083e+02   1.6265396e+02   2.8644813e+02   1.0000000e+00   2.5049833e+02   2.9056475e+02   1.0000000e+00
   5.2427456e+02   1.6784523e+02   2.8678040e+02   1.0000000e+00   2.5838102e+02   2.9725611e+02   1.0000000e+00
   5.1285961e+02   1.7373545e+02   2.8270252e+02   1.0000000e+00   2.7029102e+02   3.0489886e+02   1.0000000e+00
   5.0339873e+02   1.7645755e+02   2.7934467e+02   1.0000000e+00   2.8041901e+02   3.0890683e+02   1.0000000e+00
   4.9512173e+02   1.7893659e+02   2.7774510e+02   1.0000000e+00   2.8809985e+02   3.1269868e+02   1.0000000e+00
   4.9366669e+02   1.8219613e+02   2.8160900e+02   1.0000000e+00   2.8563093e+02   3.1638837e+02   1.0000000e+00
   4.9843274e+02   1.8298129e+02   2.8646008e+02   1.0000000e+00   2.7745345e+02   3.1666858e+02   1.0000000e+00
   5.0589452e+02   1.8495364e+02   2.9120635e+02   1.0000000e+00   2.6728223e+02   3.1837883e+02   1.0000000e+00
   5.0931190e+02   1.8730128e+02   2.9695686e+02   1.0000000e+00   2.5929013e+02   3.2079048e+02   1.0000000e+00
   5.1780356e+02   1.8871297e+02   2.9973299e+02   1.0000000e+00   2.5014568e+02   3.2171213e+02   1.0000000e+00
   5.3463318e+02   1.8088997e+02   2.9756298e+02   1.0000000e+00   2.3997854e+02   3.1156867e+02   1.0000000e+00
   5.5219574e+02   1.7208212e+02   2.9422202e+02   1.0000000e+00   2.3089801e+02   3.0024290e+02   1.0000000e+00
   5.7026749e+02   1.6882012e+02   2.8501330e+02   1.0000000e+00   2.2622818e+02   2.9598890e+02   1.0000000e+00
   5.8863838e+02   1.6551204e+02   2.7617551e+02   1.0000000e+00   2.2120363e+02   2.9182251e+02   1.0000000e+00
   6.0491637e+02   1.6190448e+02   2.7144642e+02   1.0000000e+00   2.1425371e+02   2.8762152e+02   1.0000000e+00
   6.1910916e+02   1.6234472e+02   2.6793729e+02   1.0000000e+00   2.0778354e+02   2.8752706e+02   1.0000000e+00
   6.3307492e+02   1.6376375e+02   2.6071558e+02   1.0000000e+00   2.0424840e+02   2.8893194e+02   1.0000000e+00
   6.4766933e+02   1.6492899e+02   2.5363803e+02   1.0000000e+00   2.0073890e+02   2.8991063e+02   1.0000000e+00
   6.6500556e+02   1.6909950e+02   2.4704524e+02   1.0000000e+00   1.9444467e+02   2.9380928e+02   1.0000000e+00
   6.7914273e+02   1.6891007e+02   2.4234317e+02   1.0000000e+00   1.8934633e+02   2.9333658e+02   1.0000000e+00
   6.9057311e+02   1.6716596e+02   2.3796554e+02   1.0000000e+00   1.8573010e+02   2.9116764e+02   1.0000000e+00
   7.0186389e+02   1.6500054e+02   2.2832494e+02   1.0000000e+00   1.8671275e+02   2.8914077e+02   1.0000000e+00
   7.1433135e+02   1.6243188e+02   2.1600733e+02   1.0000000e+00   1.8897857e+02   2.8651889e+02   1.0000000e+00
   7.2817848e+02   1.5958364e+02   2.0529345e+02   1.0000000e+00   1.8914963e+02   2.8373483e+02   1.0000000e+00
   7.4009244e+02   1.5715494e+02   2.0232367e+02   1.0000000e+00   1.8461400e+02   2.8109933e+02   1.0000000e+00
   7.4866505e+02   1.5928428e+02   2.0665555e+02   1.0000000e+00   1.7609050e+02   2.8255763e+02   1.0000000e+00
   7.5790995e+02   1.5796306e+02   2.1380583e+02   1.0000000e+00   1.6548177e+02   2.8085103e+02   1.0000000e+00
   7.6791750e+02   1.5297270e+02   2.2057356e+02   1.0000000e+00   1.5497364e+02   2.7517909e+02   1.0000000e+00
   7.7993586e+02   1.4726014e+02   2.2102025e+02   1.0000000e+00   1.4797214e+02   2.6916992e+02   1.0000000e+00
   7.9627043e+02   1.3968856e+02   2.1558650e+02   1.0000000e+00   1.4398565e+02   2.6218834e+02   1.0000000e+00
   8.1211842e+02   1.3349662e+02   2.0915381e+02   1.0000000e+00   1.4060071e+02   2.5620142e+02   1.0000000e+00
   8.2575777e+02   1.3318975e+02   2.0212560e+02   1.0000000e+00   1.3860071e+02   2.5619965e+02   1.0000000e+00
   8.3635738e+02   1.3772742e+02   1.9334750e+02   1.0000000e+00   1.3949849e+02   2.6100075e+02   1.0000000e+00
   8.2049352e+02   9.8467240e+01   1.4062651e+02   1.0000000e+00   1.8796367e+02   2.2912814e+02   1.0000000e+00
   7.9845916e+02   9.0438590e+01   1.3524996e+02   1.0000000e+00   2.0425477e+02   2.2176207e+02   1.0000000e+00
   7.7462744e+02   8.0704917e+01   1.3365124e+02   1.0000000e+00   2.1946126e+02   2.1346722e+02   1.0000000e+00
   7.4764018e+02   7.1062493e+01   1.3616069e+02   1.0000000e+00   2.3385581e+02   2.0398081e+02   1.0000000e+00
   7.2313315e+02   6.8279664e+01   1.3823630e+02   1.0000000e+00   2.4718598e+02   2.0101220e+02   1.0000000e+00
   7.0355313e+02   6.7415258e+01   1.4231040e+02   1.0000000e+00   2.5675753e+02   1.9941469e+02   1.0000000e+00
   6.8999761e+02   6.6477933e+01   1.4811218e+02   1.0000000e+00   2.6096714e+02   1.9785983e+02   1.0000000e+00
   6.7887601e+02   7.3609448e+01   1.5589920e+02   1.0000000e+00   2.6185054e+02   2.0399160e+02   1.0000000e+00
   6.6859283e+02   8.9441111e+01   1.6274039e+02   1.0000000e+00   2.6262972e+02   2.1871594e+02   1.0000000e+00
   6.5890921e+02   1.1486814e+02   1.6606572e+02   1.0000000e+00   2.6500133e+02   2.4379645e+02   1.0000000e+00
   6.5162971e+02   1.3822877e+02   1.6565480e+02   1.0000000e+00   2.6859088e+02   2.6759895e+02   1.0000000e+00
   6.4622688e+02   1.5729678e+02   1.6611669e+02   1.0000000e+00   2.7072188e+02   2.8713963e+02   1.0000000e+00
   6.4258526e+02   1.7203566e+02   1.6807334e+02   1.0000000e+00   2.7042694e+02   3.0180371e+02   1.0000000e+00
   6.4443020e+02   1.8629778e+02   1.6809900e+02   1.0000000e+00   2.6834245e+02   3.1638849e+02   1.0000000e+00
   6.4900845e+02   2.0089708e+02   1.6905405e+02   1.0000000e+00   2.6337758e+02   3.3090901e+02   1.0000000e+00
   6.5253133e+02   2.1460285e+02   1.7111280e+02   1.0000000e+00   2.5863602e+02   3.4437986e+02   1.0000000e+00
   6.5509137e+02   2.2388022e+02   1.7379885e+02   1.0000000e+00   2.5425074e+02   3.5336569e+02   1.0000000e+00
   6.5842117e+02   2.3316527e+02   1.7349980e+02   1.0000000e+00   2.5158489e+02   3.6230481e+02   1.0000000e+00
   6.6053377e+02   2.3994818e+02   1.7260377e+02   1.0000000e+00   2.5039481e+02   3.6891891e+02   1.0000000e+00
   6.6137482e+02   2.4503834e+02   1.7115899e+02   1.0000000e+00   2.5075633e+02   3.7402926e+02   1.0000000e+00
   6.6038996e+02   2.4984690e+02   1.6931661e+02   1.0000000e+00   2.5238672e+02   3.7873339e+02   1.0000000e+00
   6.5512556e+02   2.5428110e+02   1.6815766e+02   1.0000000e+00   2.5638652e+02   3.8373957e+02   1.0000000e+00
   6.4923476e+02   2.5649433e+02   1.6617591e+02   1.0000000e+00   2.6161109e+02   3.8659518e+02   1.0000000e+00
   6.3879915e+02   2.4757051e+02   1.6593719e+02   1.0000000e+00   2.6928979e+02   3.7859597e+02   1.0000000e+00
   6.2311516e+02   2.3280483e+02   1.6836543e+02   1.0000000e+00   2.7916224e+02   3.6510456e+02   1.0000000e+00
   6.0840608e+02   2.1666934e+02   1.6887542e+02   1.0000000e+00   2.9004943e+02   3.4963201e+02   1.0000000e+00
   5.9674330e+02   1.9692288e+02   1.6732509e+02   1.0000000e+00   3.0046937e+02   3.3040952e+02   1.0000000e+00
   5.8740384e+02   1.7438331e+02   1.6675616e+02   1.0000000e+00   3.0930156e+02   3.0749481e+02   1.0000000e+00
   5.8040395e+02   1.5650841e+02   1.6650638e+02   1.0000000e+00   3.1550177e+02   2.8871020e+02   1.0000000e+00
   5.7366781e+02   1.3928238e+02   1.6751421e+02   1.0000000e+00   3.2108672e+02   2.7071163e+02   1.0000000e+00
   5.6848864e+02   1.2095051e+02   1.6972395e+02   1.0000000e+00   3.2458764e+02   2.5142203e+02   1.0000000e+00
   5.6699280e+02   1.0171454e+02   1.7118052e+02   1.0000000e+00   3.2550918e+02   2.3070512e+02   1.0000000e+00
   5.6769687e+02   8.2594897e+01   1.7443911e+02   1.0000000e+00   3.2377946e+02   2.0998187e+02   1.0000000e+00
   5.6977658e+02   6.5232946e+01   1.7675733e+02   1.0000000e+00   3.2159786e+02   1.9140387e+02   1.0000000e+00
   5.7243504e+02   4.8246712e+01   1.7820214e+02   1.0000000e+00   3.1961588e+02   1.7338548e+02   1.0000000e+00
   5.7391755e+02   3.3123053e+01   1.7935556e+02   1.0000000e+00   3.1860523e+02   1.5738467e+02   1.0000000e+00
   5.6683598e+02   2.6375636e+01   1.9074373e+02   1.0000000e+00   3.1548469e+02   1.4848620e+02   1.0000000e+00
   5.5259676e+02   2.9042714e+01   2.0802647e+02   1.0000000e+00   3.1219037e+02   1.4806514e+02   1.0000000e+00
   5.3721863e+02   3.8719000e+01   2.2318112e+02   1.0000000e+00   3.1126516e+02   1.5605125e+02   1.0000000e+00
   5.2387145e+02   6.0067486e+01   2.3445926e+02   1.0000000e+00   3.1076914e+02   1.7784446e+02   1.0000000e+00
   4.7005964e+02   9.3409975e+01   1.9959188e+02   1.0000000e+00   3.8054696e+02   2.1867903e+02   1.0000000e+00
   4.6649447e+02   1.0859135e+02   2.2105124e+02   1.0000000e+00   3.6502022e+02   2.3458689e+02   1.0000000e+00
   4.6406577e+02   1.1639105e+02   2.3705567e+02   1.0000000e+00   3.5323824e+02   2.4241176e+02   1.0000000e+00
   4.6193101e+02   1.2254731e+02   2.4741127e+02   1.0000000e+00   3.4579006e+02   2.4854459e+02   1.0000000e+00
   4.5803848e+02   1.3126515e+02   2.5422105e+02   1.0000000e+00   3.4251981e+02   2.5883333e+02   1.0000000e+00
   4.4984599e+02   1.4173292e+02   2.5545664e+02   1.0000000e+00   3.4781904e+02   2.7206294e+02   1.0000000e+00
   4.4023006e+02   1.5337163e+02   2.5331177e+02   1.0000000e+00   3.5710513e+02   2.8700000e+02   1.0000000e+00
   4.3134911e+02   1.6598432e+02   2.5327972e+02   1.0000000e+00   3.6401201e+02   3.0286966e+02   1.0000000e+00
   4.2367933e+02   1.7881083e+02   2.5861353e+02   1.0000000e+00   3.6528809e+02   3.1923453e+02   1.0000000e+00
   4.1608016e+02   1.8895446e+02   2.6178129e+02   1.0000000e+00   3.6866511e+02   3.3233075e+02   1.0000000e+00
   4.1055689e+02   1.9701904e+02   2.6282037e+02   1.0000000e+00   3.7217238e+02   3.4268410e+02   1.0000000e+00
   4.0635466e+02   2.0547740e+02   2.6323629e+02   1.0000000e+00   3.7503086e+02   3.5373566e+02   1.0000000e+00
   4.0257112e+02   2.1337806e+02   2.5978374e+02   1.0000000e+00   3.8096196e+02   3.6484666e+02   1.0000000e+00
   3.9756689e+02   2.1079601e+02   2.4968510e+02   1.0000000e+00   3.9490020e+02   3.6212780e+02   1.0000000e+00
   3.9464495e+02   2.0254501e+02   2.2704001e+02   1.0000000e+00   4.1788143e+02   3.5222477e+02   1.0000000e+00
   4.6242549e+02   1.4379411e+02   2.3100119e+02   1.0000000e+00   3.5762955e+02   2.7548533e+02   1.0000000e+00
   4.7685427e+02   1.3595449e+02   2.3150234e+02   1.0000000e+00   3.4568128e+02   2.6545498e+02   1.0000000e+00
   4.9091412e+02   1.2914828e+02   2.3050725e+02   1.0000000e+00   3.3554292e+02   2.5747780e+02   1.0000000e+00
   5.0429404e+02   1.2344961e+02   2.2992256e+02   1.0000000e+00   3.2550440e+02   2.5057780e+02   1.0000000e+00
   5.1558477e+02   1.2063517e+02   2.3083869e+02   1.0000000e+00   3.1631547e+02   2.4667451e+02   1.0000000e+00
   5.2492137e+02   1.2427054e+02   2.2829353e+02   1.0000000e+00   3.1044000e+02   2.5123893e+02   1.0000000e+00
   5.3305571e+02   1.2966057e+02   2.1939995e+02   1.0000000e+00   3.1130592e+02   2.5767402e+02   1.0000000e+00
   5.3928225e+02   1.2881488e+02   2.0325867e+02   1.0000000e+00   3.1946317e+02   2.5770857e+02   1.0000000e+00
   5.4756963e+02   1.2548395e+02   1.8666392e+02   1.0000000e+00   3.2651027e+02   2.5533931e+02   1.0000000e+00
   5.5854238e+02   1.2346914e+02   1.7613969e+02   1.0000000e+00   3.2655629e+02   2.5364133e+02   1.0000000e+00
   5.7087942e+02   1.2263444e+02   1.6549199e+02   1.0000000e+00   3.2560160e+02   2.5341248e+02   1.0000000e+00
   5.7758149e+02   1.1520081e+02   1.6805577e+02   1.0000000e+00   3.1935508e+02   2.4542200e+02   1.0000000e+00
   5.7612875e+02   1.0534346e+02   1.9113895e+02   1.0000000e+00   3.0345610e+02   2.3270759e+02   1.0000000e+00
   5.7756145e+02   1.0632992e+02   2.1536639e+02   1.0000000e+00   2.8353355e+02   2.3162275e+02   1.0000000e+00
   5.8230357e+02   1.2040365e+02   2.3332099e+02   1.0000000e+00   2.6440086e+02   2.4549090e+02   1.0000000e+00
   5.9144103e+02   1.3586267e+02   2.3897247e+02   1.0000000e+00   2.5218103e+02   2.6165590e+02   1.0000000e+00
   6.0061376e+02   1.4643802e+02   2.3706779e+02   1.0000000e+00   2.4624887e+02   2.7326584e+02   1.0000000e+00
   6.0877895e+02   1.5496093e+02   2.3310539e+02   1.0000000e+00   2.4325799e+02   2.8229110e+02   1.0000000e+00
   6.1918071e+02   1.5737281e+02   2.1963265e+02   1.0000000e+00   2.4724125e+02   2.8527875e+02   1.0000000e+00
   6.3151598e+02   1.5747774e+02   2.0510330e+02   1.0000000e+00   2.5021722e+02   2.8587464e+02   1.0000000e+00
   6.4173509e+02   1.5570050e+02   1.9503001e+02   1.0000000e+00   2.5157443e+02   2.8439635e+02   1.0000000e+00
   6.5231693e+02   1.4900984e+02   1.8570001e+02   1.0000000e+00   2.5192579e+02   2.7738868e+02   1.0000000e+00
   6.5986719e+02   1.4034277e+02   1.8713448e+02   1.0000000e+00   2.4642558e+02   2.6821163e+02   1.0000000e+00
   6.6514378e+02   1.3545799e+02   1.9765266e+02   1.0000000e+00   2.3538029e+02   2.6227550e+02   1.0000000e+00
   6.7078751e+02   1.3170745e+02   2.1185362e+02   1.0000000e+00   2.2098279e+02   2.5748594e+02   1.0000000e+00
   6.7786697e+02   1.2444083e+02   2.2290855e+02   1.0000000e+00   2.0821346e+02   2.4920998e+02   1.0000000e+00
   6.8786840e+02   1.1171081e+02   2.2223286e+02   1.0000000e+00   2.0322978e+02   2.3579367e+02   1.0000000e+00
   7.0043930e+02   9.5915228e+01   2.1133818e+02   1.0000000e+00   2.0523964e+02   2.2076036e+02   1.0000000e+00
   7.1499407e+02   8.0863746e+01   2.0063202e+02   1.0000000e+00   2.0533136e+02   2.0700296e+02   1.0000000e+00
   7.3037552e+02   5.7653721e+01   1.9602021e+02   1.0000000e+00   2.0100000e+02   1.8547806e+02   1.0000000e+00
   7.3927340e+02   3.8154023e+01   1.9690882e+02   1.0000000e+00   1.9625481e+02   1.6672140e+02   1.0000000e+00
   7.4294726e+02   2.8627011e+01   1.9842609e+02   1.0000000e+00   1.9374132e+02   1.5795569e+02   1.0000000e+00
   7.4809170e+02   1.8001436e+01   2.0098163e+02   1.0000000e+00   1.8933432e+02   1.4733284e+02   1.0000000e+00
   7.5441453e+02   9.5282796e+00   2.0322933e+02   1.0000000e+00   1.8459886e+02   1.3977091e+02   1.0000000e+00
   7.5658469e+02   1.1120255e+01   2.0464386e+02   1.0000000e+00   1.8229063e+02   1.4106406e+02   1.0000000e+00
   7.6300772e+02   1.1285736e+01   2.0619984e+02   1.0000000e+00   1.7733185e+02   1.4133333e+02   1.0000000e+00
   7.7421520e+02   1.1880489e+01   2.0722001e+02   1.0000000e+00   1.7024825e+02   1.4270862e+02   1.0000000e+00
   7.8142793e+02   2.1814931e+01   2.1027123e+02   1.0000000e+00   1.6348446e+02   1.5197119e+02   1.0000000e+00
   7.9064787e+02   2.9868025e+01   2.0929591e+02   1.0000000e+00   1.5839572e+02   1.5979857e+02   1.0000000e+00
   8.0204100e+02   3.2045517e+01   2.0551535e+02   1.0000000e+00   1.5499378e+02   1.6280462e+02   1.0000000e+00
   8.1004504e+02   3.7725832e+01   2.0311411e+02   1.0000000e+00   1.5223303e+02   1.6876697e+02   1.0000000e+00
   8.1385226e+02   4.9475663e+01   1.9999308e+02   1.0000000e+00   1.5195941e+02   1.7983118e+02   1.0000000e+00
   8.1297735e+02   6.5524070e+01   1.9691192e+02   1.0000000e+00   1.5358577e+02   1.9477828e+02   1.0000000e+00
   8.0737650e+02   8.3773349e+01   1.9228246e+02   1.0000000e+00   1.5862098e+02   2.1182705e+02   1.0000000e+00
   8.0286365e+02   9.5073563e+01   1.8527052e+02   1.0000000e+00   1.6557547e+02   2.2281038e+02   1.0000000e+00
   7.9886210e+02   1.0352857e+02   1.7955682e+02   1.0000000e+00   1.7148554e+02   2.3100609e+02   1.0000000e+00
   7.9454620e+02   1.0991053e+02   1.7798470e+02   1.0000000e+00   1.7438117e+02   2.3703016e+02   1.0000000e+00
   7.8930803e+02   1.1362003e+02   1.7288400e+02   1.0000000e+00   1.8074972e+02   2.4100221e+02   1.0000000e+00
   7.8395718e+02   1.1570281e+02   1.5892819e+02   1.0000000e+00   1.9400000e+02   2.4397409e+02   1.0000000e+00
   7.7654665e+02   1.1929931e+02   1.4414781e+02   1.0000000e+00   2.0862510e+02   2.4812779e+02   1.0000000e+00
   7.6493263e+02   1.2837070e+02   1.3028329e+02   1.0000000e+00   2.2451031e+02   2.5752099e+02   1.0000000e+00
   7.5278830e+02   1.3577194e+02   1.1480827e+02   1.0000000e+00   2.4222513e+02   2.6568907e+02   1.0000000e+00
   7.4495127e+02   1.4301045e+02   1.0011898e+02   1.0000000e+00   2.5651679e+02   2.7350245e+02   1.0000000e+00
   7.3898283e+02   1.5061843e+02   8.5224619e+01   1.0000000e+00   2.7002065e+02   2.8151052e+02   1.0000000e+00
   7.3286739e+02   1.6038480e+02   7.2517486e+01   1.0000000e+00   2.8178123e+02   2.9131954e+02   1.0000000e+00
   7.2808686e+02   1.7145785e+02   6.7926754e+01   1.0000000e+00   2.8700045e+02   3.0181247e+02   1.0000000e+00
   7.2833660e+02   1.7727746e+02   6.7984038e+01   1.0000000e+00   2.8667327e+02   3.0723839e+02   1.0000000e+00
   7.3101648e+02   1.8174207e+02   7.1070486e+01   1.0000000e+00   2.8249105e+02   3.1100671e+02   1.0000000e+00
   7.3200994e+02   1.8876177e+02   7.7965136e+01   1.0000000e+00   2.7682424e+02   3.1718163e+02   1.0000000e+00
   7.3383768e+02   1.9863343e+02   8.0612275e+01   1.0000000e+00   2.7343813e+02   3.2608880e+02   1.0000000e+00
   7.3401529e+02   2.0557257e+02   8.3369400e+01   1.0000000e+00   2.7099187e+02   3.3235061e+02   1.0000000e+00
   7.3196735e+02   2.0740821e+02   9.0780314e+01   1.0000000e+00   2.6688744e+02   3.3391106e+02   1.0000000e+00
   7.3502273e+02   2.0118039e+02   1.0400538e+02   1.0000000e+00   2.5645323e+02   3.2754637e+02   1.0000000e+00
   7.4230549e+02   1.9180356e+02   1.2002202e+02   1.0000000e+00   2.4131205e+02   3.1769522e+02   1.0000000e+00
   7.5062628e+02   1.8734676e+02   1.3340242e+02   1.0000000e+00   2.2715884e+02   3.1273264e+02   1.0000000e+00
   7.5342093e+02   1.8089486e+02   1.5139071e+02   1.0000000e+00   2.1298835e+02   3.0572177e+02   1.0000000e+00
   7.5682575e+02   1.6760246e+02   1.7484911e+02   1.0000000e+00   1.9465896e+02   2.9233433e+02   1.0000000e+00
   7.6956688e+02   1.4996464e+02   1.9076055e+02   1.0000000e+00   1.7639669e+02   2.7423197e+02   1.0000000e+00
   7.8469963e+02   1.3067193e+02   2.0653608e+02   1.0000000e+00   1.5758909e+02   2.5420000e+02   1.0000000e+00
   8.0521862e+02   1.1160164e+02   2.1330902e+02   1.0000000e+00   1.4261137e+02   2.3583504e+02   1.0000000e+00
   8.2539614e+02   9.3882147e+01   2.1072952e+02   1.0000000e+00   1.3500000e+02   2.1994331e+02   1.0000000e+00
   8.3945738e+02   7.5447982e+01   2.0733900e+02   1.0000000e+00   1.3147625e+02   2.0347740e+02   1.0000000e+00
   8.1339417e+02   4.9868298e+01   7.6821757e+01   1.0000000e+00   2.3849667e+02   1.9149111e+02   1.0000000e+00
   7.9401184e+02   6.6667414e+01   8.1372236e+01   1.0000000e+00   2.4519095e+02   2.0520453e+02   1.0000000e+00
   7.7945445e+02   8.8471079e+01   8.0886511e+01   1.0000000e+00   2.5262554e+02   2.2471674e+02   1.0000000e+00
   7.7361148e+02   1.0973362e+02   7.2196165e+01   1.0000000e+00   2.6063962e+02   2.4436316e+02   1.0000000e+00
   7.7241474e+02   1.3072635e+02   5.8485447e+01   1.0000000e+00   2.6917317e+02   2.6400045e+02   1.0000000e+00
   7.6859071e+02   1.5155979e+02   5.4526509e+01   1.0000000e+00   2.7300198e+02   2.8300892e+02   1.0000000e+00
   7.6320571e+02   1.7321585e+02   5.7202027e+01   1.0000000e+00   2.7299201e+02   3.0238962e+02   1.0000000e+00
   7.6004589e+02   1.8776301e+02   5.9214249e+01   1.0000000e+00   2.7286742e+02   3.1540340e+02   1.0000000e+00
   7.5806135e+02   1.9590571e+02   6.4030467e+01   1.0000000e+00   2.7018484e+02   3.2279803e+02   1.0000000e+00
   7.5679165e+02   2.0366165e+02   7.4027308e+01   1.0000000e+00   2.6367946e+02   3.2969902e+02   1.0000000e+00
   7.5682336e+02   2.1012856e+02   8.4769590e+01   1.0000000e+00   2.5583538e+02   3.3529116e+02   1.0000000e+00
   7.5638924e+02   2.1582097e+02   9.1765553e+01   1.0000000e+00   2.5110319e+02   3.4013670e+02   1.0000000e+00
   7.5167531e+02   2.0198087e+02   9.6197137e+01   1.0000000e+00   2.5171078e+02   3.2745384e+02   1.0000000e+00
   7.4065082e+02   1.8916058e+02   1.1034341e+02   1.0000000e+00   2.4908817e+02   3.1590103e+02   1.0000000e+00
   7.2344289e+02   1.8615964e+02   1.3073997e+02   1.0000000e+00   2.4548088e+02   3.1322847e+02   1.0000000e+00
   7.0484834e+02   1.8300055e+02   1.4675899e+02   1.0000000e+00   2.4544548e+02   3.1055452e+02   1.0000000e+00
   6.8628351e+02   1.8447810e+02   1.6030306e+02   1.0000000e+00   2.4721970e+02   3.1234280e+02   1.0000000e+00
   6.7147262e+02   1.8633165e+02   1.6762193e+02   1.0000000e+00   2.5091378e+02   3.1457962e+02   1.0000000e+00
   6.5853879e+02   1.8832289e+02   1.7189995e+02   1.0000000e+00   2.5584540e+02   3.1763289e+02   1.0000000e+00
   6.4349961e+02   1.8625310e+02   1.7860213e+02   1.0000000e+00   2.6085576e+02   3.1600741e+02   1.0000000e+00
   6.2931358e+02   1.8265164e+02   1.9058505e+02   1.0000000e+00   2.6143579e+02   3.1257539e+02   1.0000000e+00
   6.2019965e+02   1.7721523e+02   2.1052330e+02   1.0000000e+00   2.5255082e+02   3.0645908e+02   1.0000000e+00
   6.2181891e+02   1.6596671e+02   2.2572645e+02   1.0000000e+00   2.4029396e+02   2.9366920e+02   1.0000000e+00
   6.2936441e+02   1.4465274e+02   2.3660734e+02   1.0000000e+00   2.2749514e+02   2.7033807e+02   1.0000000e+00
   6.3758568e+02   1.2376674e+02   2.4398209e+02   1.0000000e+00   2.1757479e+02   2.4754657e+02   1.0000000e+00
   6.4377217e+02   1.0480856e+02   2.4833900e+02   1.0000000e+00   2.1137604e+02   2.2702396e+02   1.0000000e+00
   6.4881083e+02   8.2951523e+01   2.5021667e+02   1.0000000e+00   2.0774580e+02   2.0400000e+02   1.0000000e+00
   6.5049745e+02   6.8275986e+01   2.5239946e+02   1.0000000e+00   2.0625083e+02   1.8774917e+02   1.0000000e+00
   6.4786558e+02   6.1776269e+01   2.5581246e+02   1.0000000e+00   2.0540114e+02   1.8080795e+02   1.0000000e+00
   6.4038524e+02   5.6735208e+01   2.5902203e+02   1.0000000e+00   2.0801268e+02   1.7478533e+02   1.0000000e+00
   6.2561135e+02   5.0312539e+01   2.6506049e+02   1.0000000e+00   2.1324972e+02   1.6675472e+02   1.0000000e+00
   6.0566343e+02   4.5739735e+01   2.7145436e+02   1.0000000e+00   2.2172825e+02   1.6063616e+02   1.0000000e+00
   5.8748551e+02   4.3625939e+01   2.7393087e+02   1.0000000e+00   2.3231191e+02   1.5667947e+02   1.0000000e+00
   5.7257497e+02   4.2251241e+01   2.7022677e+02   1.0000000e+00   2.4618766e+02   1.5521542e+02   1.0000000e+00
   5.5904125e+02   3.4744319e+01   2.6599350e+02   1.0000000e+00   2.5998133e+02   1.4707770e+02   1.0000000e+00
   5.4744750e+02   2.0999547e+01   2.6810656e+02   1.0000000e+00   2.6752599e+02   1.3111441e+02   1.0000000e+00
   5.3063968e+02   8.4438327e+00   2.7693946e+02   1.0000000e+00   2.7368908e+02   1.1209244e+02   1.0000000e+00
   5.2815440e+02   7.7473041e+00   2.7615980e+02   1.0000000e+00   2.7683333e+02   1.1339130e+02   1.0000000e+00
   5.2456971e+02   3.5758016e+01   2.0198552e+02   1.0000000e+00   3.3828440e+02   1.5549636e+02   1.0000000e+00
   5.4994615e+02   4.1168170e+01   1.7103437e+02   1.0000000e+00   3.4252927e+02   1.6610732e+02   1.0000000e+00
   5.7430992e+02   4.9409288e+01   1.4699664e+02   1.0000000e+00   3.4170406e+02   1.7848642e+02   1.0000000e+00
   5.9211084e+02   6.7051412e+01   1.3069170e+02   1.0000000e+00   3.3971528e+02   1.9850174e+02   1.0000000e+00
   6.0310769e+02   9.0792758e+01   1.2211426e+02   1.0000000e+00   3.3651791e+02   2.2370122e+02   1.0000000e+00
   6.1267133e+02   1.0908950e+02   1.2001542e+02   1.0000000e+00   3.3036009e+02   2.4235760e+02   1.0000000e+00
   6.2077782e+02   1.2168713e+02   1.2227963e+02   1.0000000e+00   3.2228558e+02   2.5450063e+02   1.0000000e+00
   6.2341144e+02   1.3682596e+02   1.2528336e+02   1.0000000e+00   3.1729335e+02   2.6951184e+02   1.0000000e+00
   6.2441130e+02   1.5351852e+02   1.2408305e+02   1.0000000e+00   3.1649346e+02   2.8629939e+02   1.0000000e+00
   6.2626295e+02   1.7186923e+02   1.2068647e+02   1.0000000e+00   3.1646010e+02   3.0473582e+02   1.0000000e+00
   6.2903405e+02   1.8494357e+02   1.1970360e+02   1.0000000e+00   3.1420613e+02   3.1824141e+02   1.0000000e+00
   6.3585858e+02   1.9191842e+02   1.1854016e+02   1.0000000e+00   3.1018805e+02   3.2498629e+02   1.0000000e+00
   6.4669729e+02   1.9546949e+02   1.1966830e+02   1.0000000e+00   3.0177188e+02   3.2760987e+02   1.0000000e+00
   6.5964069e+02   1.9273942e+02   1.1758589e+02   1.0000000e+00   2.9472023e+02   3.2451908e+02   1.0000000e+00
   6.6986580e+02   1.7817984e+02   1.1216796e+02   1.0000000e+00   2.9300587e+02   3.0945010e+02   1.0000000e+00
   6.7778377e+02   1.6036727e+02   1.0709429e+02   1.0000000e+00   2.9247664e+02   2.9172993e+02   1.0000000e+00
   6.8523675e+02   1.4334274e+02   1.0201227e+02   1.0000000e+00   2.9240131e+02   2.7540304e+02   1.0000000e+00
   6.9038088e+02   1.2532728e+02   1.0103494e+02   1.0000000e+00   2.9098765e+02   2.5818528e+02   1.0000000e+00
   6.9369782e+02   1.0810865e+02   1.0162200e+02   1.0000000e+00   2.8935900e+02   2.4154889e+02   1.0000000e+00
   6.9611313e+02   9.0075277e+01   1.0272592e+02   1.0000000e+00   2.8797409e+02   2.2443322e+02   1.0000000e+00
   6.9897912e+02   7.4843724e+01   1.0313078e+02   1.0000000e+00   2.8696738e+02   2.0985649e+02   1.0000000e+00
   7.0339810e+02   6.0696795e+01   1.0513161e+02   1.0000000e+00   2.8345455e+02   1.9643837e+02   1.0000000e+00
   7.0865599e+02   4.7527515e+01   1.0825580e+02   1.0000000e+00   2.7882209e+02   1.8385516e+02   1.0000000e+00
   7.1430971e+02   3.5331050e+01   1.1231652e+02   1.0000000e+00   2.7297416e+02   1.7182599e+02   1.0000000e+00
   7.1744412e+02   2.7216315e+01   1.1654372e+02   1.0000000e+00   2.6865556e+02   1.6384365e+02   1.0000000e+00
   7.1608970e+02   2.5364216e+01   1.2187546e+02   1.0000000e+00   2.6561455e+02   1.6160727e+02   1.0000000e+00
   7.1390760e+02   2.0889534e+01   1.3031116e+02   1.0000000e+00   2.6137954e+02   1.5694551e+02   1.0000000e+00
   7.0491078e+02   2.1871754e+01   1.4430759e+02   1.0000000e+00   2.5682824e+02   1.5565267e+02   1.0000000e+00
   6.8697474e+02   2.9216995e+01   1.5815474e+02   1.0000000e+00   2.5778457e+02   1.6031270e+02   1.0000000e+00
   6.6959435e+02   2.8282698e+01   1.6877781e+02   1.0000000e+00   2.6119606e+02   1.5775406e+02   1.0000000e+00
   6.5429332e+02   2.6084728e+01   1.7472907e+02   1.0000000e+00   2.6698015e+02   1.5385763e+02   1.0000000e+00
   6.3627824e+02   3.3122444e+01   1.7870511e+02   1.0000000e+00   2.7549627e+02   1.5998039e+02   1.0000000e+00
   6.1588545e+02   4.3071540e+01   1.7900549e+02   1.0000000e+00   2.8861599e+02   1.6937366e+02   1.0000000e+00
   5.9894461e+02   5.0426493e+01   1.7265140e+02   1.0000000e+00   3.0468942e+02   1.7724006e+02   1.0000000e+00
   5.8804949e+02   5.7269897e+01   1.6065733e+02   1.0000000e+00   3.2116472e+02   1.8546895e+02   1.0000000e+00
   5.8769562e+02   6.1203302e+01   1.3846813e+02   1.0000000e+00   3.3750111e+02   1.9171424e+02   1.0000000e+00
   5.9932796e+02   6.4880189e+01   1.0898864e+02   1.0000000e+00   3.5039726e+02   1.9860411e+02   1.0000000e+00
   6.0830462e+02   6.4350396e+01   9.4849848e+01   1.0000000e+00   3.5400421e+02   1.9955847e+02   1.0000000e+00
   6.1660083e+02   5.3628076e+01   7.9150791e+01   1.0000000e+00   3.5976620e+02   1.9067891e+02   1.0000000e+00
   6.1953701e+02   5.6119677e+01   7.0177737e+01   1.0000000e+00   3.6366938e+02   1.9424769e+02   1.0000000e+00
   6.1270781e+02   6.7843853e+01   7.3234530e+01   1.0000000e+00   3.6581080e+02   2.0499911e+02   1.0000000e+00
   6.0284062e+02   7.7523925e+01   7.6478359e+01   1.0000000e+00   3.7000179e+02   2.1419473e+02   1.0000000e+00
   5.9149326e+02   9.6296554e+01   8.4493108e+01   1.0000000e+00   3.7140229e+02   2.3239847e+02   1.0000000e+00
   5.8040661e+02   1.1690180e+02   9.0909342e+01   1.0000000e+00   3.7361442e+02   2.5261510e+02   1.0000000e+00
   5.7075445e+02   1.3247257e+02   1.0524870e+02   1.0000000e+00   3.6950175e+02   2.6771311e+02   1.0000000e+00
   5.6142957e+02   1.4027415e+02   1.2751434e+02   1.0000000e+00   3.6103067e+02   2.7490489e+02   1.0000000e+00
   5.5155296e+02   1.4118518e+02   1.5153357e+02   1.0000000e+00   3.4938156e+02   2.7488487e+02   1.0000000e+00
   5.4422692e+02   1.2708378e+02   1.7685946e+02   1.0000000e+00   3.3652844e+02   2.5783832e+02   1.0000000e+00
   5.4012537e+02   1.0519266e+02   1.9176838e+02   1.0000000e+00   3.2949810e+02   2.3271438e+02   1.0000000e+00
   5.4063365e+02   8.3761123e+01   1.9401095e+02   1.0000000e+00   3.2882030e+02   2.0910425e+02   1.0000000e+00
   5.4233235e+02   6.6086757e+01   1.9432661e+02   1.0000000e+00   3.2850374e+02   1.8973739e+02   1.0000000e+00
   5.4290403e+02   5.2299703e+01   2.0024910e+02   1.0000000e+00   3.2435795e+02   1.7434735e+02   1.0000000e+00
   5.4433651e+02   3.8630124e+01   2.0772731e+02   1.0000000e+00   3.1828161e+02   1.5848742e+02   1.0000000e+00
   5.4796958e+02   2.7332718e+01   2.1240619e+02   1.0000000e+00   3.1322425e+02   1.4566933e+02   1.0000000e+00
   5.4965498e+02   3.3140700e+01   2.3011044e+02   1.0000000e+00   2.9649271e+02   1.4971720e+02   1.0000000e+00
   5.3928552e+02   6.7028356e+01   2.3967822e+02   1.0000000e+00   2.9433134e+02   1.8550962e+02   1.0000000e+00
   5.3327081e+02   1.0700374e+02   2.2570847e+02   1.0000000e+00   3.0748372e+02   2.3168576e+02   1.0000000e+00
   5.3212690e+02   1.4066107e+02   2.0483698e+02   1.0000000e+00   3.2280057e+02   2.7110019e+02   1.0000000e+00
   5.3265853e+02   1.6212144e+02   1.9063640e+02   1.0000000e+00   3.3233681e+02   2.9552900e+02   1.0000000e+00
   5.3381291e+02   1.7362943e+02   1.8198668e+02   1.0000000e+00   3.3741114e+02   3.0861837e+02   1.0000000e+00
   5.3792050e+02   1.8436015e+02   1.6973850e+02   1.0000000e+00   3.4297111e+02   3.2054410e+02   1.0000000e+00
   5.4305735e+02   1.9310768e+02   1.6001879e+02   1.0000000e+00   3.4586602e+02   3.3003828e+02   1.0000000e+00
   5.4766685e+02   1.9814539e+02   1.5056509e+02   1.0000000e+00   3.4928841e+02   3.3582843e+02   1.0000000e+00
   5.5418361e+02   2.0023267e+02   1.3799291e+02   1.0000000e+00   3.5365402e+02   3.3775093e+02   1.0000000e+00
   5.6082405e+02   1.9651567e+02   1.2411383e+02   1.0000000e+00   3.5931145e+02   3.3358378e+02   1.0000000e+00
   5.6700884e+02   1.9242282e+02   1.0994141e+02   1.0000000e+00   3.6472240e+02   3.2950834e+02   1.0000000e+00
   5.7049970e+02   1.8736373e+02   1.0006134e+02   1.0000000e+00   3.6975400e+02   3.2456367e+02   1.0000000e+00
   5.7382219e+02   1.8000913e+02   9.2997818e+01   1.0000000e+00   3.7273534e+02   3.1730234e+02   1.0000000e+00
   5.7824885e+02   1.7495851e+02   8.7697993e+01   1.0000000e+00   3.7375802e+02   3.1187251e+02   1.0000000e+00
   5.8329642e+02   1.6909330e+02   8.0857967e+01   1.0000000e+00   3.7529725e+02   3.0605818e+02   1.0000000e+00
   5.9348485e+02   1.5780103e+02   7.2139594e+01   1.0000000e+00   3.7470924e+02   2.9451380e+02   1.0000000e+00
   6.0436918e+02   1.4708434e+02   6.4933355e+01   1.0000000e+00   3.7254415e+02   2.8401782e+02   1.0000000e+00
   6.1143288e+02   1.3820795e+02   5.8654635e+01   1.0000000e+00   3.7238792e+02   2.7538586e+02   1.0000000e+00
   6.1654825e+02   1.2993142e+02   5.4140016e+01   1.0000000e+00   3.7238459e+02   2.6738288e+02   1.0000000e+00
   6.2100839e+02   1.2076798e+02   5.4621776e+01   1.0000000e+00   3.6952051e+02   2.5830128e+02   1.0000000e+00
   6.2463430e+02   1.1524263e+02   5.5918339e+01   1.0000000e+00   3.6637041e+02   2.5263756e+02   1.0000000e+00
   6.2669832e+02   1.1051397e+02   5.8860952e+01   1.0000000e+00   3.6319991e+02   2.4800045e+02   1.0000000e+00
   6.3076995e+02   1.0298655e+02   6.0832280e+01   1.0000000e+00   3.5950148e+02   2.4050222e+02   1.0000000e+00
   6.3659200e+02   9.6319115e+01   6.2382576e+01   1.0000000e+00   3.5481583e+02   2.3382189e+02   1.0000000e+00
   6.4197578e+02   9.0233091e+01   6.6814102e+01   1.0000000e+00   3.4860454e+02   2.2760488e+02   1.0000000e+00
   6.4677655e+02   8.4818633e+01   6.9362089e+01   1.0000000e+00   3.4381727e+02   2.2218273e+02   1.0000000e+00
   6.4884759e+02   8.4920313e+01   7.0722290e+01   1.0000000e+00   3.4151614e+02   2.2227566e+02   1.0000000e+00
   6.4441326e+02   9.0397077e+01   7.5200408e+01   1.0000000e+00   3.4118259e+02   2.2716755e+02   1.0000000e+00
   6.3988047e+02   9.4493163e+01   8.0180094e+01   1.0000000e+00   3.4061494e+02   2.3061664e+02   1.0000000e+00
   6.3790474e+02   8.7902135e+01   8.7291633e+01   1.0000000e+00   3.3730240e+02   2.2351552e+02   1.0000000e+00
   6.3926861e+02   7.7156932e+01   9.4620846e+01   1.0000000e+00   3.3196558e+02   2.1250113e+02   1.0000000e+00
   6.4044770e+02   7.0201826e+01   1.0423049e+02   1.0000000e+00   3.2481844e+02   2.0481763e+02   1.0000000e+00
   6.4051737e+02   6.7488622e+01   1.1620921e+02   1.0000000e+00   3.1645195e+02   2.0099809e+02   1.0000000e+00
   6.3783376e+02   6.7283906e+01   1.3114722e+02   1.0000000e+00   3.0761704e+02   1.9938535e+02   1.0000000e+00
   6.3319006e+02   6.9958097e+01   1.4232990e+02   1.0000000e+00   3.0252888e+02   2.0087098e+02   1.0000000e+00
